 81 1921.326543 6.134E-43 3.360E-03.05070.060 9612.00810.60-.001590       X3/2   6       X1/2   5                 SR 17.5e     3653231111 8 3 1 3   114.0  108.0
 81 1921.333158 3.462E-48 3.519E-03.03110.04912330.14590.60-.002220       X3/2   5       X1/2   4                 RQ 55.5f     4622231111 8 3 1 3   336.0  336.0
 81 1921.425454 1.382E-60 2.524E+01.02020.02520140.94560.70-.001200       X3/2   4       X3/2   3                 RR 94.5e     1622231111 8 3 1 3   576.0  570.0
 81 1921.428581 7.080E-63 1.734E-03.02230.04119233.68750.60-.002220       X3/2   5       X1/2   4                 RQ 86.5e     1622231111 8 3 1 3   522.0  522.0
 81 1921.436297 1.374E-60 2.524E+01.02020.02520142.15490.70-.001200       X3/2   4       X3/2   3                 RR 94.5f     1622231111 8 3 1 3   576.0  570.0
 81 1921.449404 8.138E-48 3.586E-03.03150.04912154.48470.60-.002220       X3/2   5       X1/2   4                 RQ 54.5e     4622231111 8 3 1 3   330.0  330.0
 81 1921.462268 1.783E-35 7.298E-03.04960.059 6256.65620.60-.001920       X3/2   4       X1/2   3                 RQ 20.5e     4653231111 8 3 1 3   126.0  126.0
 81 1921.483708 2.297E-26 7.580E-04.04540.057 1308.37430.60-.001280       X3/2   1       X1/2   0           27.5   P 27.5f 28.5453323 4 4 8 3 1 3    56.0   58.0
 81 1921.485857 2.214E-26 7.576E-04.04540.057 1308.37430.60-.001280       X3/2   1       X1/2   0           26.5   P 27.5f 27.5453323 4 4 8 3 1 3    54.0   56.0
 81 1921.485871 2.932E-29 9.675E-07.04540.057 1308.37430.60-.001280       X3/2   1       X1/2   0           27.5   P 27.5f 27.5453323 4 4 8 3 1 3    56.0   56.0
 81 1921.488075 2.932E-29 1.003E-06.04540.057 1308.37430.60-.001280       X3/2   1       X1/2   0           26.5   P 27.5f 26.5453323 4 4 8 3 1 3    54.0   54.0
 81 1921.488089 9.696E-33 3.199E-10.04540.057 1308.37430.60-.001280       X3/2   1       X1/2   0           27.5   P 27.5f 26.5453323 4 4 8 3 1 3    56.0   54.0
 81 1921.488278 2.135E-26 7.587E-04.04540.057 1308.37430.60-.001280       X3/2   1       X1/2   0           25.5   P 27.5f 26.5453323 4 4 8 3 1 3    52.0   54.0
 81 1921.489401 1.563E-60 2.525E+01.02040.04020117.83840.60-.002220       X1/2   4       X1/2   3                 RR 95.5f     1622231111 8 3 1 3   582.0  576.0
 81 1921.489839 1.562E-60 2.525E+01.02040.04020117.93320.60-.002220       X1/2   4       X1/2   3                 RR 95.5e     1622231111 8 3 1 3   582.0  576.0
 81 1921.598199 6.929E-21 6.315E+00.05480.063  454.79900.83-.001560       X3/2   1       X3/2   0           15.5   R 13.5e 14.5455443 4 4 8 3 1 3    32.0   30.0
 81 1921.598242 6.465E-21 6.285E+00.05480.063  454.79900.83-.001560       X3/2   1       X3/2   0           14.5   R 13.5e 13.5455443 4 4 8 3 1 3    30.0   28.0
 81 1921.598278 6.032E-21 6.283E+00.05480.063  454.79900.83-.001560       X3/2   1       X3/2   0           13.5   R 13.5e 12.5455443 4 4 8 3 1 3    28.0   26.0
 81 1921.598296 3.090E-23 3.218E-02.05480.063  454.79900.83-.001560       X3/2   1       X3/2   0           13.5   R 13.5e 13.5455443 4 4 8 3 1 3    28.0   28.0
 81 1921.598325 3.090E-23 3.004E-02.05480.063  454.79900.83-.001560       X3/2   1       X3/2   0           14.5   R 13.5e 14.5455443 4 4 8 3 1 3    30.0   30.0
 81 1921.598379 3.678E-26 3.831E-05.05480.063  454.79900.83-.001560       X3/2   1       X3/2   0           13.5   R 13.5e 14.5455443 4 4 8 3 1 3    28.0   30.0
 81 1921.600522 3.090E-23 3.004E-02.05480.063  454.81160.83-.001560       X3/2   1       X3/2   0           14.5   R 13.5f 14.5455443 4 4 8 3 1 3    30.0   30.0
 81 1921.600551 3.678E-26 3.831E-05.05480.063  454.81160.83-.001560       X3/2   1       X3/2   0           13.5   R 13.5f 14.5455443 4 4 8 3 1 3    28.0   30.0
 81 1921.600654 6.929E-21 6.315E+00.05480.063  454.81160.83-.001560       X3/2   1       X3/2   0           15.5   R 13.5f 14.5455443 4 4 8 3 1 3    32.0   30.0
 81 1921.600677 6.465E-21 6.285E+00.05480.063  454.81160.83-.001560       X3/2   1       X3/2   0           14.5   R 13.5f 13.5455443 4 4 8 3 1 3    30.0   28.0
 81 1921.600704 6.032E-21 6.283E+00.05480.063  454.81160.83-.001560       X3/2   1       X3/2   0           13.5   R 13.5f 12.5455443 4 4 8 3 1 3    28.0   26.0
 81 1921.600706 3.090E-23 3.219E-02.05480.063  454.81160.83-.001560       X3/2   1       X3/2   0           13.5   R 13.5f 13.5455443 4 4 8 3 1 3    28.0   28.0
 81 1921.620534 9.471E-62 1.820E-03.02270.04218705.24660.60-.002220       X3/2   5       X1/2   4                 RQ 84.5f     1622231111 8 3 1 3   510.0  510.0
 81 1921.661153 9.709E-33 3.200E-10.04540.057 1308.12370.60-.001280       X3/2   1       X1/2   0           27.5   P 27.5e 26.5453323 4 4 8 3 1 3    56.0   54.0
 81 1921.661692 2.936E-29 1.004E-06.04540.057 1308.12370.60-.001280       X3/2   1       X1/2   0           26.5   P 27.5e 26.5453323 4 4 8 3 1 3    54.0   54.0
 81 1921.662085 2.138E-26 7.590E-04.04540.057 1308.12370.60-.001280       X3/2   1       X1/2   0           25.5   P 27.5e 26.5453323 4 4 8 3 1 3    52.0   54.0
 81 1921.662419 2.936E-29 9.678E-07.04540.057 1308.12370.60-.001280       X3/2   1       X1/2   0           27.5   P 27.5e 27.5453323 4 4 8 3 1 3    56.0   56.0
 81 1921.662957 2.217E-26 7.579E-04.04540.057 1308.12370.60-.001280       X3/2   1       X1/2   0           26.5   P 27.5e 27.5453323 4 4 8 3 1 3    54.0   56.0
 81 1921.663500 2.300E-26 7.582E-04.04540.057 1308.12370.60-.001280       X3/2   1       X1/2   0           27.5   P 27.5e 28.5453323 4 4 8 3 1 3    56.0   58.0
 81 1921.668376 2.808E-31 2.875E-03.05870.063 3781.42610.70-.001720       X3/2   3       X1/2   2                 QP  5.5f     4654431111 8 3 1 3    30.0   36.0
 81 1921.686022 1.755E-43 2.534E+01.02800.03411952.79160.70-.001200       X3/2   4       X3/2   3                 RR 61.5e     1622231111 8 3 1 3   378.0  372.0
 81 1921.695760 1.751E-43 2.534E+01.02800.03411953.28390.70-.001200       X3/2   4       X3/2   3                 RR 61.5f     1622231111 8 3 1 3   378.0  372.0
 81 1921.735573 2.694E-76 8.781E-04.01790.03725504.43110.60-.002220       X3/2   4       X1/2   3                 RQ112.5e     0222231211 8 3 1 3   678.0  678.0
 81 1921.737877 2.806E-31 2.872E-03.05870.063 3781.35610.70-.001720       X3/2   3       X1/2   2                 QP  5.5e     4654431111 8 3 1 3    30.0   36.0
 81 1921.832743 1.444E-48 3.434E-03.03070.04812508.56980.60-.002220       X3/2   5       X1/2   4                 RQ 56.5f     4622231111 8 3 1 3   342.0  342.0
 81 1921.835997 7.853E-26 1.302E+01.04690.055 3054.04380.70-.001200       X3/2   2       X3/2   1           26.5   R 24.5e 25.5454323 3 3 8 3 1 3    54.0   52.0
 81 1921.836020 7.551E-26 1.300E+01.04690.055 3054.04380.70-.001200       X3/2   2       X3/2   1           25.5   R 24.5e 24.5454323 3 3 8 3 1 3    52.0   50.0
 81 1921.836039 7.260E-26 1.300E+01.04690.055 3054.04380.70-.001200       X3/2   2       X3/2   1           24.5   R 24.5e 23.5454323 3 3 8 3 1 3    50.0   48.0
 81 1921.836386 1.163E-28 2.082E-02.04690.055 3054.04380.70-.001200       X3/2   2       X3/2   1           24.5   R 24.5e 24.5454323 3 3 8 3 1 3    50.0   50.0
 81 1921.836502 1.163E-28 2.002E-02.04690.055 3054.04380.70-.001200       X3/2   2       X3/2   1           25.5   R 24.5e 25.5454323 3 3 8 3 1 3    52.0   52.0
 81 1921.836869 4.473E-32 8.008E-06.04690.055 3054.04380.70-.001200       X3/2   2       X3/2   1           24.5   R 24.5e 25.5454323 3 3 8 3 1 3    50.0   52.0
 81 1921.841120 1.163E-28 2.003E-02.04690.055 3054.10420.70-.001200       X3/2   2       X3/2   1           25.5   R 24.5f 25.5454323 3 3 8 3 1 3    52.0   52.0
 81 1921.841137 7.851E-26 1.302E+01.04690.055 3054.10420.70-.001200       X3/2   2       X3/2   1           26.5   R 24.5f 25.5454323 3 3 8 3 1 3    54.0   52.0
 81 1921.841141 7.548E-26 1.300E+01.04690.055 3054.10420.70-.001200       X3/2   2       X3/2   1           25.5   R 24.5f 24.5454323 3 3 8 3 1 3    52.0   50.0
 81 1921.841149 7.258E-26 1.300E+01.04690.055 3054.10420.70-.001200       X3/2   2       X3/2   1           24.5   R 24.5f 23.5454323 3 3 8 3 1 3    50.0   48.0
 81 1921.841315 4.472E-32 8.009E-06.04690.055 3054.10420.70-.001200       X3/2   2       X3/2   1           24.5   R 24.5f 25.5454323 3 3 8 3 1 3    50.0   52.0
 81 1921.841336 1.163E-28 2.083E-02.04690.055 3054.10420.70-.001200       X3/2   2       X3/2   1           24.5   R 24.5f 24.5454323 3 3 8 3 1 3    50.0   50.0
 81 1921.932395 2.093E-43 2.535E+01.02820.04611919.83750.60-.002220       X1/2   4       X1/2   3                 RR 62.5e     1622231111 8 3 1 3   384.0  378.0
 81 1921.933461 2.091E-43 2.536E+01.02820.04611920.07490.60-.002220       X1/2   4       X1/2   3                 RR 62.5f     1622231111 8 3 1 3   384.0  378.0
 81 1921.989850 3.445E-48 3.499E-03.03110.04912329.87280.60-.002220       X3/2   5       X1/2   4                 RQ 55.5e     4622231111 8 3 1 3   336.0  336.0
 81 1922.004456 4.804E-73 1.906E+01.01680.02126029.18330.70-.001200       X3/2   3       X3/2   2                 RR117.5e     0222231211 8 3 1 3   714.0  708.0
 81 1922.016193 4.771E-73 1.906E+01.01680.02126030.59270.70-.001200       X3/2   3       X3/2   2                 RR117.5f     0222231211 8 3 1 3   714.0  708.0
 81 1922.016480 5.325E-73 1.906E+01.01700.03626009.70040.60-.002220       X1/2   3       X1/2   2                 RR118.5f     0222231211 8 3 1 3   720.0  714.0
 81 1922.018079 5.322E-73 1.906E+01.01700.03626009.82060.60-.002220       X1/2   3       X1/2   2                 RR118.5e     0222231211 8 3 1 3   720.0  714.0
 81 1922.028943 4.804E-32 1.911E+01.03780.045 6383.18420.70-.001200       X3/2   3       X3/2   2                 RR 38.5e     4632231111 8 3 1 3   240.0  234.0
 81 1922.036698 4.799E-32 1.910E+01.03780.045 6383.36200.70-.001200       X3/2   3       X3/2   2                 RR 38.5f     4632231111 8 3 1 3   240.0  234.0
 81 1922.044018 2.598E-62 1.771E-03.02250.04218968.05390.60-.002220       X3/2   5       X1/2   4                 RQ 85.5e     1622231111 8 3 1 3   516.0  516.0
 81 1922.050313 8.310E-28 2.097E-03.05230.060 2298.09480.63-.001810       X3/2   2       X1/2   1                 QP 15.5f     4654431111 8 3 1 3    90.0   96.0
 81 1922.097195 1.304E-35 7.158E-03.04900.059 6326.48160.60-.002220       X3/2   4       X1/2   3                 RQ 21.5f     4653231111 8 3 1 3   132.0  132.0
 81 1922.160609 3.383E-61 1.859E-03.02290.04218445.16130.60-.002220       X3/2   5       X1/2   4                 RQ 83.5f     1622231111 8 3 1 3   504.0  504.0
 81 1922.207315 8.295E-28 2.092E-03.05230.060 2297.92310.63-.001810       X3/2   2       X1/2   1                 QP 15.5e     4654431111 8 3 1 3    90.0   96.0
 81 1922.211585 5.692E-60 2.528E+01.02030.02519847.75260.70-.001200       X3/2   4       X3/2   3                 RR 93.5e     1622231111 8 3 1 3   570.0  564.0
 81 1922.222407 5.660E-60 2.528E+01.02030.02519848.93530.70-.001200       X3/2   4       X3/2   3                 RR 93.5f     1622231111 8 3 1 3   570.0  564.0
 81 1922.229661 1.410E-75 9.007E-04.01800.03725167.22720.60-.002220       X3/2   4       X1/2   3                 RQ111.5f     0222231211 8 3 1 3   672.0  672.0
 81 1922.278531 6.443E-60 2.529E+01.02050.04019824.44730.60-.002220       X1/2   4       X1/2   3                 RR 94.5f     1622231111 8 3 1 3   576.0  570.0
 81 1922.278937 6.440E-60 2.529E+01.02050.04019824.52720.60-.002220       X1/2   4       X1/2   3                 RR 94.5e     1622231111 8 3 1 3   576.0  570.0
 81 1922.302442 5.932E-49 3.351E-03.03030.04812690.02560.60-.002220       X3/2   5       X1/2   4                 RQ 57.5f     4622231111 8 3 1 3   348.0  348.0
 81 1922.356662 1.300E-35 7.131E-03.04900.059 6326.26280.60-.002220       X3/2   4       X1/2   3                 RQ 21.5e     4653231111 8 3 1 3   132.0  132.0
 81 1922.427062 6.705E-44 2.537E+01.02770.03312154.10570.70-.001200       X3/2   4       X3/2   3                 RR 62.5e     1622231111 8 3 1 3   384.0  378.0
 81 1922.436856 6.688E-44 2.537E+01.02770.03312154.61520.70-.001200       X3/2   4       X3/2   3                 RR 62.5f     1622231111 8 3 1 3   384.0  378.0
 81 1922.501110 1.437E-48 3.416E-03.03070.04812508.30010.60-.002220       X3/2   5       X1/2   4                 RQ 56.5e     4622231111 8 3 1 3   342.0  342.0
 81 1922.542844 9.070E-35 6.507E-03.06170.066 5557.00840.69-.000480       X3/2   4       X1/2   3                 SR  2.5f     4654431111 8 3 1 3    24.0   18.0
 81 1922.577937 9.066E-35 6.503E-03.06170.066 5556.97300.69-.000480       X3/2   4       X1/2   3                 SR  2.5e     4654431111 8 3 1 3    24.0   18.0
 81 1922.609996 6.397E-81 1.282E+01.01540.03429702.67910.60-.002220       X1/2   2       X1/2   1                 RR132.5f     0222231211 8 3 1 3   804.0  798.0
 81 1922.612670 6.394E-81 1.282E+01.01540.03429702.77680.60-.002220       X1/2   2       X1/2   1                 RR132.5e     0222231211 8 3 1 3   804.0  798.0
 81 1922.615761 9.407E-62 1.809E-03.02270.04218705.18320.60-.002220       X3/2   5       X1/2   4                 RQ 84.5e     1622231111 8 3 1 3   510.0  510.0
 81 1922.617916 5.820E-81 1.282E+01.01530.01929720.58640.70-.001200       X3/2   2       X3/2   1                 RR131.5e     0222231211 8 3 1 3   798.0  792.0
 81 1922.630573 5.779E-81 1.282E+01.01530.01929722.04710.70-.001200       X3/2   2       X3/2   1                 RR131.5f     0222231211 8 3 1 3   798.0  792.0
 81 1922.653446 6.188E-32 1.915E+01.03780.053 6336.46940.60-.002220       X1/2   3       X1/2   2                 RR 39.5e     4632231111 8 3 1 3   246.0  240.0
 81 1922.656754 6.179E-32 1.914E+01.03780.053 6336.75490.60-.002220       X1/2   3       X1/2   2                 RR 39.5f     4632231111 8 3 1 3   246.0  240.0
 81 1922.657695 1.192E-60 1.899E-03.02310.04218187.86080.60-.002220       X3/2   5       X1/2   4                 RQ 82.5f     1622231111 8 3 1 3   498.0  498.0
 81 1922.663931 7.979E-44 2.539E+01.02790.04612121.57710.60-.002220       X1/2   4       X1/2   3                 RR 63.5e     1622231111 8 3 1 3   390.0  384.0
 81 1922.664930 7.970E-44 2.539E+01.02790.04612121.80900.60-.002220       X1/2   4       X1/2   3                 RR 63.5f     1622231111 8 3 1 3   390.0  384.0
 81 1922.741578 2.402E-49 3.272E-03.03000.04812874.50580.60-.002220       X3/2   5       X1/2   4                 RQ 58.5f     4622231111 8 3 1 3   354.0  354.0
 81 1922.947156 2.313E-59 2.532E+01.02050.02519557.25750.70-.001200       X3/2   4       X3/2   3                 RR 92.5e     1622231111 8 3 1 3   564.0  558.0
 81 1922.957956 2.300E-59 2.532E+01.02050.02519558.41390.70-.001200       X3/2   4       X3/2   3                 RR 92.5f     1622231111 8 3 1 3   564.0  558.0
 81 1922.982483 5.902E-49 3.332E-03.03030.04812689.75950.60-.002220       X3/2   5       X1/2   4                 RQ 57.5e     4622231111 8 3 1 3   348.0  348.0
 81 1922.994115 1.024E-25 1.307E+01.04600.057 2992.30490.60-.002220       X1/2   2       X1/2   1           25.5   R 25.5e 24.5454323 3 3 8 3 1 3    52.0   50.0
 81 1922.994126 1.064E-25 1.308E+01.04600.057 2992.30490.60-.002220       X1/2   2       X1/2   1           26.5   R 25.5e 25.5454323 3 3 8 3 1 3    54.0   52.0
 81 1922.994142 1.105E-25 1.310E+01.04600.057 2992.30490.60-.002220       X1/2   2       X1/2   1           27.5   R 25.5e 26.5454323 3 3 8 3 1 3    56.0   54.0
 81 1922.995255 1.517E-28 1.865E-02.04600.057 2992.30490.60-.002220       X1/2   2       X1/2   1           26.5   R 25.5e 26.5454323 3 3 8 3 1 3    54.0   54.0
 81 1922.995412 1.517E-28 1.937E-02.04600.057 2992.30490.60-.002220       X1/2   2       X1/2   1           25.5   R 25.5e 25.5454323 3 3 8 3 1 3    52.0   52.0
 81 1922.995772 5.396E-32 6.898E-06.04600.057 2992.54670.60-.002220       X1/2   2       X1/2   1           25.5   R 25.5f 26.5454323 3 3 8 3 1 3    52.0   54.0
 81 1922.996541 5.402E-32 6.897E-06.04600.057 2992.30490.60-.002220       X1/2   2       X1/2   1           25.5   R 25.5e 26.5454323 3 3 8 3 1 3    52.0   54.0
 81 1922.997945 1.515E-28 1.937E-02.04600.057 2992.54670.60-.002220       X1/2   2       X1/2   1           25.5   R 25.5f 25.5454323 3 3 8 3 1 3    52.0   52.0
 81 1922.997988 1.515E-28 1.865E-02.04600.057 2992.54670.60-.002220       X1/2   2       X1/2   1           26.5   R 25.5f 26.5454323 3 3 8 3 1 3    54.0   54.0
 81 1922.998346 9.334E-36 6.990E-03.04840.058 6399.32240.60-.002220       X3/2   4       X1/2   3                 RQ 22.5f     4643231111 8 3 1 3   138.0  138.0
 81 1923.000157 1.103E-25 1.309E+01.04600.057 2992.54670.60-.002220       X1/2   2       X1/2   1           27.5   R 25.5f 26.5454323 3 3 8 3 1 3    56.0   54.0
 81 1923.000160 1.023E-25 1.308E+01.04600.057 2992.54670.60-.002220       X1/2   2       X1/2   1           25.5   R 25.5f 24.5454323 3 3 8 3 1 3    52.0   50.0
 81 1923.000162 1.063E-25 1.308E+01.04600.057 2992.54670.60-.002220       X1/2   2       X1/2   1           26.5   R 25.5f 25.5454323 3 3 8 3 1 3    54.0   52.0
 81 1923.017199 2.621E-59 2.532E+01.02070.04019533.74980.60-.002220       X1/2   4       X1/2   3                 RR 93.5f     1622231111 8 3 1 3   570.0  564.0
 81 1923.017572 2.620E-59 2.532E+01.02070.04019533.81510.60-.002220       X1/2   4       X1/2   3                 RR 93.5e     1622231111 8 3 1 3   570.0  564.0
 81 1923.018856 1.312E-38 4.554E-03.05420.061 7528.42790.70-.000160       X3/2   5       X1/2   4                 SR 10.5f     4654431111 8 3 1 3    72.0   66.0
 81 1923.112153 4.144E-60 1.941E-03.02330.04217933.35610.60-.002220       X3/2   5       X1/2   4                 RQ 81.5f     1622231111 8 3 1 3   492.0  492.0
 81 1923.123036 2.523E-44 2.540E+01.02730.03312358.44490.70-.001200       X3/2   4       X3/2   3                 RR 63.5e     1622231111 8 3 1 3   390.0  384.0
 81 1923.132883 2.517E-44 2.540E+01.02730.03312358.97170.70-.001200       X3/2   4       X3/2   3                 RR 63.5f     1622231111 8 3 1 3   390.0  384.0
 81 1923.135677 1.310E-38 4.545E-03.05420.061 7528.30380.70-.000160       X3/2   5       X1/2   4                 SR 10.5e     4654431111 8 3 1 3    72.0   66.0
 81 1923.144160 3.360E-61 1.848E-03.02290.04218445.08660.60-.002220       X3/2   5       X1/2   4                 RQ 83.5e     1622231111 8 3 1 3   504.0  504.0
 81 1923.149496 9.581E-50 3.194E-03.02960.04713062.00310.60-.002220       X3/2   5       X1/2   4                 RQ 59.5f     4622231111 8 3 1 3   360.0  360.0
 81 1923.269559 9.307E-36 6.964E-03.04840.058 6399.09700.60-.002220       X3/2   4       X1/2   3                 RQ 22.5e     4643231111 8 3 1 3   138.0  138.0
 81 1923.350778 2.996E-44 2.542E+01.02760.04612326.33080.60-.002220       X1/2   4       X1/2   3                 RR 64.5e     1622231111 8 3 1 3   396.0  390.0
 81 1923.351712 2.993E-44 2.542E+01.02760.04612326.55700.60-.002220       X1/2   4       X1/2   3                 RR 64.5f     1622231111 8 3 1 3   396.0  390.0
 81 1923.433294 2.390E-49 3.254E-03.03000.04812874.24370.60-.002220       X3/2   5       X1/2   4                 RQ 58.5e     4622231111 8 3 1 3   354.0  354.0
 81 1923.476428 8.399E-48 2.131E-03.04600.05711894.06180.60-.002220       X3/2   7       X1/2   6                 SR 25.5f     3643231111 8 3 1 3   162.0  156.0
 81 1923.513928 9.682E-21 6.380E+00.05230.060  374.40930.63-.001190       X1/2   1       X1/2   0           14.5   R 14.5e 13.5455443 4 4 8 3 1 3    30.0   28.0
 81 1923.513939 1.033E-20 6.382E+00.05230.060  374.40930.63-.001190       X1/2   1       X1/2   0           15.5   R 14.5e 14.5455443 4 4 8 3 1 3    32.0   30.0
 81 1923.513960 1.102E-20 6.408E+00.05230.060  374.40930.63-.001190       X1/2   1       X1/2   0           16.5   R 14.5e 15.5455443 4 4 8 3 1 3    34.0   32.0
 81 1923.515328 4.318E-23 2.668E-02.05230.060  374.40930.63-.001190       X1/2   1       X1/2   0           15.5   R 14.5e 15.5455443 4 4 8 3 1 3    32.0   32.0
 81 1923.515381 4.318E-23 2.846E-02.05230.060  374.40930.63-.001190       X1/2   1       X1/2   0           14.5   R 14.5e 14.5455443 4 4 8 3 1 3    30.0   30.0
 81 1923.516770 4.498E-26 2.964E-05.05230.060  374.40930.63-.001190       X1/2   1       X1/2   0           14.5   R 14.5e 15.5455443 4 4 8 3 1 3    30.0   32.0
 81 1923.518487 4.494E-26 2.964E-05.05230.060  374.57210.63-.001190       X1/2   1       X1/2   0           14.5   R 14.5f 15.5455443 4 4 8 3 1 3    30.0   32.0
 81 1923.520651 4.315E-23 2.668E-02.05230.060  374.57210.63-.001190       X1/2   1       X1/2   0           15.5   R 14.5f 15.5455443 4 4 8 3 1 3    32.0   32.0
 81 1923.520722 4.315E-23 2.846E-02.05230.060  374.57210.63-.001190       X1/2   1       X1/2   0           14.5   R 14.5f 14.5455443 4 4 8 3 1 3    30.0   30.0
 81 1923.522878 1.101E-20 6.407E+00.05230.060  374.57210.63-.001190       X1/2   1       X1/2   0           16.5   R 14.5f 15.5455443 4 4 8 3 1 3    34.0   32.0
 81 1923.522879 9.675E-21 6.381E+00.05230.060  374.57210.63-.001190       X1/2   1       X1/2   0           14.5   R 14.5f 13.5455443 4 4 8 3 1 3    30.0   28.0
 81 1923.522887 1.032E-20 6.381E+00.05230.060  374.57210.63-.001190       X1/2   1       X1/2   0           15.5   R 14.5f 14.5455443 4 4 8 3 1 3    32.0   30.0
 81 1923.524350 1.421E-59 1.983E-03.02360.04317681.65800.60-.002220       X3/2   5       X1/2   4                 RQ 80.5f     1622231111 8 3 1 3   486.0  486.0
 81 1923.525561 3.766E-50 3.118E-03.02920.04713252.50980.60-.002220       X3/2   5       X1/2   4                 RQ 60.5f     4622231111 8 3 1 3   366.0  366.0
 81 1923.542290 1.399E-75 8.955E-04.01800.03725167.35130.60-.002220       X3/2   4       X1/2   3                 RQ111.5e     0222231211 8 3 1 3   672.0  672.0
 81 1923.614249 2.022E-87 6.480E+00.01440.03232657.52570.60-.002220       X1/2   1       X1/2   0                 RR143.5f     0222231211 8 3 1 3   870.0  864.0
 81 1923.618077 2.021E-87 6.479E+00.01440.03232657.60950.60-.002220       X1/2   1       X1/2   0                 RR143.5e     0222231211 8 3 1 3   870.0  864.0
 81 1923.629570 1.184E-60 1.888E-03.02310.04218187.77520.60-.002220       X3/2   5       X1/2   4                 RQ 82.5e     1622231111 8 3 1 3   498.0  498.0
 81 1923.632360 9.277E-59 2.536E+01.02070.02519269.47260.70-.001200       X3/2   4       X3/2   3                 RR 91.5e     1622231111 8 3 1 3   558.0  552.0
 81 1923.634273 1.850E-87 6.481E+00.01430.01732674.43420.70-.001200       X3/2   1       X3/2   0                 RR142.5e     0222231211 8 3 1 3   864.0  858.0
 81 1923.643139 9.226E-59 2.536E+01.02070.02519270.60300.70-.001200       X3/2   4       X3/2   3                 RR 91.5f     1622231111 8 3 1 3   558.0  552.0
 81 1923.647965 1.837E-87 6.483E+00.01430.01732675.93840.70-.001200       X3/2   1       X3/2   0                 RR142.5f     0222231211 8 3 1 3   864.0  858.0
 81 1923.656342 8.377E-48 2.123E-03.04600.05711893.81620.60-.002220       X3/2   7       X1/2   6                 SR 25.5e     3643231111 8 3 1 3   162.0  156.0
 81 1923.705603 1.052E-58 2.535E+01.02090.04019245.75830.60-.002220       X1/2   4       X1/2   3                 RR 92.5f     1622231111 8 3 1 3   564.0  558.0
 81 1923.705941 1.052E-58 2.536E+01.02090.04019245.80920.60-.002220       X1/2   4       X1/2   3                 RR 92.5e     1622231111 8 3 1 3   564.0  558.0
 81 1923.742503 3.593E-26 7.888E-04.04600.057 1216.56950.60-.001280       X3/2   1       X1/2   0           26.5   P 26.5f 27.5454323 4 4 8 3 1 3    54.0   56.0
 81 1923.744653 3.460E-26 7.888E-04.04600.057 1216.56950.60-.001280       X3/2   1       X1/2   0           25.5   P 26.5f 26.5454323 4 4 8 3 1 3    52.0   54.0
 81 1923.744671 4.934E-29 1.083E-06.04600.057 1216.56950.60-.001280       X3/2   1       X1/2   0           26.5   P 26.5f 26.5454323 4 4 8 3 1 3    54.0   54.0
 81 1923.746869 4.934E-29 1.125E-06.04600.057 1216.56950.60-.001280       X3/2   1       X1/2   0           25.5   P 26.5f 25.5454323 4 4 8 3 1 3    52.0   52.0
 81 1923.746887 1.757E-32 3.857E-10.04600.057 1216.56950.60-.001280       X3/2   1       X1/2   0           26.5   P 26.5f 25.5454323 4 4 8 3 1 3    54.0   52.0
 81 1923.747065 3.332E-26 7.900E-04.04600.057 1216.56950.60-.001280       X3/2   1       X1/2   0           24.5   P 26.5f 25.5454323 4 4 8 3 1 3    50.0   52.0
 81 1923.773782 9.355E-45 2.543E+01.02700.03312565.80030.70-.001200       X3/2   4       X3/2   3                 RR 64.5e     1622231111 8 3 1 3   396.0  390.0
 81 1923.783680 9.330E-45 2.543E+01.02700.03312566.34480.70-.001200       X3/2   4       X3/2   3                 RR 64.5f     1622231111 8 3 1 3   396.0  390.0
 81 1923.804706 2.608E-32 1.917E+01.03730.044 6514.22360.70-.001200       X3/2   3       X3/2   2                 RR 39.5e     4632231111 8 3 1 3   246.0  240.0
 81 1923.812603 2.606E-32 1.917E+01.03730.044 6514.41230.70-.001200       X3/2   3       X3/2   2                 RR 39.5f     4632231111 8 3 1 3   246.0  240.0
 81 1923.852885 9.531E-50 3.175E-03.02960.04713061.74520.60-.002220       X3/2   5       X1/2   4                 RQ 59.5e     4622231111 8 3 1 3   360.0  360.0
 81 1923.869158 1.459E-50 3.046E-03.02890.04713446.01820.60-.002220       X3/2   5       X1/2   4                 RQ 61.5f     1622231111 8 3 1 3   372.0  372.0
 81 1923.894658 4.805E-59 2.026E-03.02380.04317432.77730.60-.002220       X3/2   5       X1/2   4                 RQ 79.5f     1622231111 8 3 1 3   480.0  480.0
 81 1923.915783 6.564E-36 6.825E-03.04780.058 6475.38850.60-.002220       X3/2   4       X1/2   3                 RQ 23.5f     4643231111 8 3 1 3   144.0  144.0
 81 1923.922084 1.759E-32 3.858E-10.04600.057 1216.32360.60-.001280       X3/2   1       X1/2   0           26.5   P 26.5e 25.5454323 4 4 8 3 1 3    54.0   52.0
 81 1923.922595 4.940E-29 1.125E-06.04600.057 1216.32360.60-.001280       X3/2   1       X1/2   0           25.5   P 26.5e 25.5454323 4 4 8 3 1 3    52.0   52.0
 81 1923.922965 3.336E-26 7.902E-04.04600.057 1216.32360.60-.001280       X3/2   1       X1/2   0           24.5   P 26.5e 25.5454323 4 4 8 3 1 3    50.0   52.0
 81 1923.923364 4.940E-29 1.083E-06.04600.057 1216.32360.60-.001280       X3/2   1       X1/2   0           26.5   P 26.5e 26.5454323 4 4 8 3 1 3    54.0   54.0
 81 1923.923875 3.464E-26 7.889E-04.04600.057 1216.32360.60-.001280       X3/2   1       X1/2   0           25.5   P 26.5e 26.5454323 4 4 8 3 1 3    52.0   54.0
 81 1923.924467 3.598E-26 7.891E-04.04600.057 1216.32360.60-.001280       X3/2   1       X1/2   0           26.5   P 26.5e 27.5454323 4 4 8 3 1 3    54.0   56.0
 81 1923.955040 2.689E-72 1.913E+01.01700.02125673.47380.70-.001200       X3/2   3       X3/2   2                 RR116.5e     0222231211 8 3 1 3   708.0  702.0
 81 1923.966749 2.670E-72 1.913E+01.01700.02125674.88090.70-.001200       X3/2   3       X3/2   2                 RR116.5f     0222231211 8 3 1 3   708.0  702.0
 81 1923.968578 2.982E-72 1.913E+01.01710.03625653.87000.60-.002220       X1/2   3       X1/2   2                 RR117.5f     0222231211 8 3 1 3   714.0  708.0
 81 1923.970138 2.981E-72 1.913E+01.01710.03625653.99290.60-.002220       X1/2   3       X1/2   2                 RR117.5e     0222231211 8 3 1 3   714.0  708.0
 81 1923.992760 1.108E-44 2.544E+01.02730.04612534.09050.60-.002220       X1/2   4       X1/2   3                 RR 65.5e     1622231111 8 3 1 3   402.0  396.0
 81 1923.993630 1.107E-44 2.544E+01.02730.04612534.31060.60-.002220       X1/2   4       X1/2   3                 RR 65.5f     1622231111 8 3 1 3   402.0  396.0
 81 1923.996725 7.239E-75 9.191E-04.01820.03724832.60220.60-.002220       X3/2   4       X1/2   3                 RQ110.5f     0222231211 8 3 1 3   666.0  666.0
 81 1924.072353 4.116E-60 1.929E-03.02330.04217933.25990.60-.002220       X3/2   5       X1/2   4                 RQ 81.5e     1622231111 8 3 1 3   492.0  492.0
 81 1924.179441 5.182E-65 3.268E-04.03270.05019795.45600.60-.002220       X3/2  10       X1/2   9                 SR 50.5f     3622231111 8 3 1 3   312.0  306.0
 81 1924.179691 5.568E-51 2.974E-03.02860.04713642.52040.60-.002220       X3/2   5       X1/2   4                 RQ 62.5f     1622231111 8 3 1 3   378.0  378.0
 81 1924.185461 5.157E-65 3.247E-04.03270.05019795.14950.60-.002220       X3/2  10       X1/2   9                 SR 50.5e     3622231111 8 3 1 3   312.0  306.0
 81 1924.198737 6.545E-36 6.799E-03.04780.058 6475.15670.60-.002220       X3/2   4       X1/2   3                 RQ 23.5e     4643231111 8 3 1 3   144.0  144.0
 81 1924.221371 5.370E-26 1.308E+01.04610.054 3140.24730.70-.001200       X3/2   2       X3/2   1           27.5   R 25.5e 26.5454323 3 3 8 3 1 3    56.0   54.0
 81 1924.221393 5.171E-26 1.307E+01.04610.054 3140.24730.70-.001200       X3/2   2       X3/2   1           26.5   R 25.5e 25.5454323 3 3 8 3 1 3    54.0   52.0
 81 1924.221411 4.979E-26 1.307E+01.04610.054 3140.24730.70-.001200       X3/2   2       X3/2   1           25.5   R 25.5e 24.5454323 3 3 8 3 1 3    52.0   50.0
 81 1924.221782 7.374E-29 1.935E-02.04610.054 3140.24730.70-.001200       X3/2   2       X3/2   1           25.5   R 25.5e 25.5454323 3 3 8 3 1 3    52.0   52.0
 81 1924.221904 7.374E-29 1.863E-02.04610.054 3140.24730.70-.001200       X3/2   2       X3/2   1           26.5   R 25.5e 26.5454323 3 3 8 3 1 3    54.0   54.0
 81 1924.222293 2.626E-32 6.891E-06.04610.054 3140.24730.70-.001200       X3/2   2       X3/2   1           25.5   R 25.5e 26.5454323 3 3 8 3 1 3    52.0   54.0
 81 1924.223456 1.603E-58 2.070E-03.02410.04317186.72430.60-.002220       X3/2   5       X1/2   4                 RQ 78.5f     1622231111 8 3 1 3   474.0  474.0
 81 1924.226690 7.372E-29 1.863E-02.04610.054 3140.31420.70-.001200       X3/2   2       X3/2   1           26.5   R 25.5f 26.5454323 3 3 8 3 1 3    54.0   54.0
 81 1924.226703 5.369E-26 1.309E+01.04610.054 3140.31420.70-.001200       X3/2   2       X3/2   1           27.5   R 25.5f 26.5454323 3 3 8 3 1 3    56.0   54.0
 81 1924.226707 5.170E-26 1.307E+01.04610.054 3140.31420.70-.001200       X3/2   2       X3/2   1           26.5   R 25.5f 25.5454323 3 3 8 3 1 3    54.0   52.0
 81 1924.226714 4.978E-26 1.307E+01.04610.054 3140.31420.70-.001200       X3/2   2       X3/2   1           25.5   R 25.5f 24.5454323 3 3 8 3 1 3    52.0   50.0
 81 1924.226892 2.625E-32 6.890E-06.04610.054 3140.31420.70-.001200       X3/2   2       X3/2   1           25.5   R 25.5f 26.5454323 3 3 8 3 1 3    52.0   54.0
 81 1924.226909 7.372E-29 1.935E-02.04610.054 3140.31420.70-.001200       X3/2   2       X3/2   1           25.5   R 25.5f 25.5454323 3 3 8 3 1 3    52.0   52.0
 81 1924.240625 3.746E-50 3.100E-03.02920.04713252.25640.60-.002220       X3/2   5       X1/2   4                 RQ 60.5e     4622231111 8 3 1 3   366.0  366.0
 81 1924.267390 3.671E-58 2.539E+01.02090.02518984.41030.70-.001200       X3/2   4       X3/2   3                 RR 90.5e     1622231111 8 3 1 3   552.0  546.0
 81 1924.278148 3.651E-58 2.539E+01.02090.02518985.51500.70-.001200       X3/2   4       X3/2   3                 RR 90.5f     1622231111 8 3 1 3   552.0  546.0
 81 1924.312908 1.066E-58 6.889E-04.03680.05216919.10830.60-.002220       X3/2   9       X1/2   8                 SR 41.5f     3632231111 8 3 1 3   258.0  252.0
 81 1924.343939 4.169E-58 2.539E+01.02110.04018960.48490.60-.002220       X1/2   4       X1/2   3                 RR 91.5f     1622231111 8 3 1 3   558.0  552.0
 81 1924.344243 4.168E-58 2.539E+01.02110.04018960.52190.60-.002220       X1/2   4       X1/2   3                 RR 91.5e     1622231111 8 3 1 3   558.0  552.0
 81 1924.379139 3.417E-45 2.545E+01.02670.03212776.16330.70-.001200       X3/2   4       X3/2   3                 RR 65.5e     1622231111 8 3 1 3   402.0  396.0
 81 1924.389087 3.408E-45 2.546E+01.02670.03212776.72580.70-.001200       X3/2   4       X3/2   3                 RR 65.5f     1622231111 8 3 1 3   402.0  396.0
 81 1924.402940 3.344E-32 1.921E+01.03730.052 6468.34120.60-.002220       X1/2   3       X1/2   2                 RR 40.5e     4632231111 8 3 1 3   252.0  246.0
 81 1924.406096 3.339E-32 1.921E+01.03730.052 6468.62750.60-.002220       X1/2   3       X1/2   2                 RR 40.5f     4632231111 8 3 1 3   252.0  246.0
 81 1924.417467 1.062E-58 6.854E-04.03680.05216918.80550.60-.002220       X3/2   9       X1/2   8                 SR 41.5e     3632231111 8 3 1 3   258.0  252.0
 81 1924.455403 5.809E-21 6.365E+00.05420.063  504.56160.74-.001760       X3/2   1       X3/2   0           16.5   R 14.5e 15.5455443 4 4 8 3 1 3    34.0   32.0
 81 1924.455444 5.445E-21 6.339E+00.05420.063  504.56160.74-.001760       X3/2   1       X3/2   0           15.5   R 14.5e 14.5455443 4 4 8 3 1 3    32.0   30.0
 81 1924.455477 5.103E-21 6.337E+00.05420.063  504.56160.74-.001760       X3/2   1       X3/2   0           14.5   R 14.5e 13.5455443 4 4 8 3 1 3    30.0   28.0
 81 1924.455533 2.276E-23 2.826E-02.05420.063  504.56160.74-.001760       X3/2   1       X3/2   0           14.5   R 14.5e 14.5455443 4 4 8 3 1 3    30.0   30.0
 81 1924.455573 2.276E-23 2.650E-02.05420.063  504.56160.74-.001760       X3/2   1       X3/2   0           15.5   R 14.5e 15.5455443 4 4 8 3 1 3    32.0   32.0
 81 1924.455663 2.371E-26 2.944E-05.05420.063  504.56160.74-.001760       X3/2   1       X3/2   0           14.5   R 14.5e 15.5455443 4 4 8 3 1 3    30.0   32.0
 81 1924.456579 2.094E-51 2.904E-03.02820.04613842.00840.60-.002220       X3/2   5       X1/2   4                 RQ 63.5f     1622231111 8 3 1 3   384.0  384.0
 81 1924.458020 2.276E-23 2.650E-02.05420.063  504.57700.74-.001760       X3/2   1       X3/2   0           15.5   R 14.5f 15.5455443 4 4 8 3 1 3    32.0   32.0
 81 1924.458074 2.370E-26 2.943E-05.05420.063  504.57700.74-.001760       X3/2   1       X3/2   0           14.5   R 14.5f 15.5455443 4 4 8 3 1 3    30.0   32.0
 81 1924.458132 5.809E-21 6.366E+00.05420.063  504.57700.74-.001760       X3/2   1       X3/2   0           16.5   R 14.5f 15.5455443 4 4 8 3 1 3    34.0   32.0
 81 1924.458152 5.444E-21 6.338E+00.05420.063  504.57700.74-.001760       X3/2   1       X3/2   0           15.5   R 14.5f 14.5455443 4 4 8 3 1 3    32.0   30.0
 81 1924.458176 5.103E-21 6.337E+00.05420.063  504.57700.74-.001760       X3/2   1       X3/2   0           14.5   R 14.5f 13.5455443 4 4 8 3 1 3    30.0   28.0
 81 1924.458206 2.276E-23 2.827E-02.05420.063  504.57700.74-.001760       X3/2   1       X3/2   0           14.5   R 14.5f 14.5455443 4 4 8 3 1 3    30.0   30.0
 81 1924.472875 1.412E-59 1.971E-03.02360.04317681.55150.60-.002220       X3/2   5       X1/2   4                 RQ 80.5e     1622231111 8 3 1 3   486.0  486.0
 81 1924.511132 5.275E-58 2.116E-03.02430.04316943.50960.60-.002220       X3/2   5       X1/2   4                 RQ 77.5f     1622231111 8 3 1 3   468.0  468.0
 81 1924.589698 4.040E-45 2.547E+01.02700.04612744.84770.60-.002220       X1/2   4       X1/2   3                 RR 66.5e     1622231111 8 3 1 3   408.0  402.0
 81 1924.590507 4.036E-45 2.547E+01.02700.04612745.06150.60-.002220       X1/2   4       X1/2   3                 RR 66.5f     1622231111 8 3 1 3   408.0  402.0
 81 1924.595896 1.451E-50 3.028E-03.02890.04713445.76950.60-.002220       X3/2   5       X1/2   4                 RQ 61.5e     1622231111 8 3 1 3   372.0  372.0
 81 1924.616785 1.015E-27 2.144E-03.05280.061 2246.80640.63-.001290       X3/2   2       X1/2   1                 QP 14.5f     4654431111 8 3 1 3    84.0   90.0
 81 1924.697327 2.251E-31 2.647E-03.06000.064 3763.40610.71-.001380       X3/2   3       X1/2   2                 QP  4.5f     4654431111 8 3 1 3    24.0   30.0
 81 1924.699262 7.765E-52 2.838E-03.02790.04614044.47390.60-.002220       X3/2   5       X1/2   4                 RQ 64.5f     1622231111 8 3 1 3   390.0  390.0
 81 1924.755689 2.249E-31 2.645E-03.06000.064 3763.34750.71-.001380       X3/2   3       X1/2   2                 QP  4.5e     4654431111 8 3 1 3    24.0   30.0
 81 1924.758075 1.712E-57 2.164E-03.02450.04316703.14330.60-.002220       X3/2   5       X1/2   4                 RQ 76.5f     1622231111 8 3 1 3   462.0  462.0
 81 1924.767535 1.014E-27 2.141E-03.05280.061 2246.64350.63-.001290       X3/2   2       X1/2   1                 QP 14.5e     4654431111 8 3 1 3    84.0   90.0
 81 1924.831508 4.775E-59 2.014E-03.02380.04317432.66070.60-.002220       X3/2   5       X1/2   4                 RQ 79.5e     1622231111 8 3 1 3   480.0  480.0
 81 1924.847322 4.535E-36 6.661E-03.04720.058 6554.67780.60-.002220       X3/2   4       X1/2   3                 RQ 24.5f     4643231111 8 3 1 3   150.0  150.0
 81 1924.852441 1.433E-57 2.542E+01.02110.02618702.08280.70-.001200       X3/2   4       X3/2   3                 RR 89.5e     1622231111 8 3 1 3   546.0  540.0
 81 1924.863175 1.425E-57 2.541E+01.02110.02618703.16220.70-.001200       X3/2   4       X3/2   3                 RR 89.5f     1622231111 8 3 1 3   546.0  540.0
 81 1924.890643 4.532E-53 1.248E-03.04120.05514332.55500.60-.002220       X3/2   8       X1/2   7                 SR 33.5f     3632231111 8 3 1 3   210.0  204.0
 81 1924.907191 2.837E-52 2.772E-03.02760.04614249.90870.60-.002220       X3/2   5       X1/2   4                 RQ 65.5f     1622231111 8 3 1 3   396.0  396.0
 81 1924.918101 5.538E-51 2.957E-03.02860.04713642.27670.60-.002220       X3/2   5       X1/2   4                 RQ 62.5e     1622231111 8 3 1 3   378.0  378.0
 81 1924.932407 1.629E-57 2.542E+01.02130.04018677.94190.60-.002220       X1/2   4       X1/2   3                 RR 90.5f     1622231111 8 3 1 3   552.0  546.0
 81 1924.932676 1.629E-57 2.542E+01.02130.04018677.96520.60-.002220       X1/2   4       X1/2   3                 RR 90.5e     1622231111 8 3 1 3   552.0  546.0
 81 1924.938948 1.230E-45 2.548E+01.02640.03212989.52490.70-.001200       X3/2   4       X3/2   3                 RR 66.5e     1622231111 8 3 1 3   408.0  402.0
 81 1924.948942 1.226E-45 2.547E+01.02640.03212990.10560.70-.001200       X3/2   4       X3/2   3                 RR 66.5f     1622231111 8 3 1 3   408.0  402.0
 81 1924.964690 5.477E-57 2.211E-03.02480.04416465.63560.60-.002220       X3/2   5       X1/2   4                 RQ 75.5f     1622231111 8 3 1 3   456.0  456.0
 81 1925.049833 4.518E-53 1.242E-03.04120.05514332.27220.60-.002220       X3/2   8       X1/2   7                 SR 33.5e     3632231111 8 3 1 3   210.0  204.0
 81 1925.079836 1.022E-52 2.709E-03.02730.04614458.30420.60-.002220       X3/2   5       X1/2   4                 RQ 66.5f     1622231111 8 3 1 3   402.0  402.0
 81 1925.110123 4.546E-43 3.161E-03.05010.059 9670.83610.60-.002250       X3/2   6       X1/2   5                 SR 18.5f     3653231111 8 3 1 3   120.0  114.0
 81 1925.131384 1.728E-56 2.260E-03.02510.04416230.99650.60-.002220       X3/2   5       X1/2   4                 RQ 74.5f     1622231111 8 3 1 3   450.0  450.0
 81 1925.141413 1.451E-45 2.550E+01.02670.04512958.59390.60-.002220       X1/2   4       X1/2   3                 RR 67.5e     1622231111 8 3 1 3   414.0  408.0
 81 1925.142014 4.521E-36 6.635E-03.04720.058 6554.44010.60-.002220       X3/2   4       X1/2   3                 RQ 24.5e     4643231111 8 3 1 3   150.0  150.0
 81 1925.142163 1.449E-45 2.549E+01.02670.04512958.80110.60-.002220       X1/2   4       X1/2   3                 RR 67.5f     1622231111 8 3 1 3   414.0  408.0
 81 1925.148633 1.593E-58 2.058E-03.02410.04317186.59800.60-.002220       X3/2   5       X1/2   4                 RQ 78.5e     1622231111 8 3 1 3   474.0  474.0
 81 1925.206662 2.083E-51 2.888E-03.02820.04613841.76990.60-.002220       X3/2   5       X1/2   4                 RQ 63.5e     1622231111 8 3 1 3   384.0  384.0
 81 1925.216679 3.627E-53 2.647E-03.02700.04614669.65200.60-.002220       X3/2   5       X1/2   4                 RQ 67.5f     1622231111 8 3 1 3   408.0  408.0
 81 1925.258574 5.378E-56 2.311E-03.02530.04415999.23580.60-.002220       X3/2   5       X1/2   4                 RQ 73.5f     1622231111 8 3 1 3   444.0  444.0
 81 1925.277283 4.536E-43 3.151E-03.05010.059 9670.63880.60-.002250       X3/2   6       X1/2   5                 SR 18.5e     3653231111 8 3 1 3   120.0  114.0
 81 1925.297636 7.180E-75 9.134E-04.01820.03724832.72910.60-.002220       X3/2   4       X1/2   3                 RQ110.5e     0222231211 8 3 1 3   666.0  666.0
 81 1925.298356 4.291E-80 1.289E+01.01550.03429310.03030.60-.002220       X1/2   2       X1/2   1                 RR131.5f     0222231211 8 3 1 3   798.0  792.0
 81 1925.300978 4.289E-80 1.289E+01.01550.03429310.13060.60-.002220       X1/2   2       X1/2   1                 RR131.5e     0222231211 8 3 1 3   798.0  792.0
 81 1925.305214 3.903E-80 1.289E+01.01540.01929328.02950.70-.001200       X3/2   2       X3/2   1                 RR130.5e     0222231211 8 3 1 3   792.0  786.0
 81 1925.317218 1.269E-53 2.587E-03.02670.04514883.94320.60-.002220       X3/2   5       X1/2   4                 RQ 68.5f     1622231111 8 3 1 3   414.0  414.0
 81 1925.317830 3.875E-80 1.289E+01.01540.01929329.48790.70-.001200       X3/2   2       X3/2   1                 RR130.5f     0222231211 8 3 1 3   792.0  786.0
 81 1925.327826 6.967E-26 1.314E+01.04540.057 3079.86680.60-.002220       X1/2   2       X1/2   1           26.5   R 26.5e 25.5453323 3 3 8 3 1 3    54.0   52.0
 81 1925.327837 7.225E-26 1.314E+01.04540.057 3079.86680.60-.002220       X1/2   2       X1/2   1           27.5   R 26.5e 26.5453323 3 3 8 3 1 3    56.0   54.0
 81 1925.327852 7.493E-26 1.316E+01.04540.057 3079.86680.60-.002220       X1/2   2       X1/2   1           28.5   R 26.5e 27.5453323 3 3 8 3 1 3    58.0   56.0
 81 1925.328944 9.567E-29 1.740E-02.04540.057 3079.86680.60-.002220       X1/2   2       X1/2   1           27.5   R 26.5e 27.5453323 3 3 8 3 1 3    56.0   56.0
 81 1925.329108 9.567E-29 1.805E-02.04540.057 3079.86680.60-.002220       X1/2   2       X1/2   1           26.5   R 26.5e 26.5453323 3 3 8 3 1 3    54.0   54.0
 81 1925.329277 3.160E-32 5.968E-06.04540.057 3080.11370.60-.002220       X1/2   2       X1/2   1           26.5   R 26.5f 27.5453323 3 3 8 3 1 3    54.0   56.0
 81 1925.330216 3.164E-32 5.968E-06.04540.057 3079.86680.60-.002220       X1/2   2       X1/2   1           26.5   R 26.5e 27.5453323 3 3 8 3 1 3    54.0   56.0
 81 1925.331446 9.555E-29 1.805E-02.04540.057 3080.11370.60-.002220       X1/2   2       X1/2   1           26.5   R 26.5f 26.5453323 3 3 8 3 1 3    54.0   54.0
 81 1925.331496 9.555E-29 1.740E-02.04540.057 3080.11370.60-.002220       X1/2   2       X1/2   1           27.5   R 26.5f 27.5453323 3 3 8 3 1 3    56.0   56.0
 81 1925.333659 7.484E-26 1.316E+01.04540.057 3080.11370.60-.002220       X1/2   2       X1/2   1           28.5   R 26.5f 27.5453323 3 3 8 3 1 3    58.0   56.0
 81 1925.333662 6.959E-26 1.314E+01.04540.057 3080.11370.60-.002220       X1/2   2       X1/2   1           26.5   R 26.5f 25.5453323 3 3 8 3 1 3    54.0   52.0
 81 1925.333664 7.217E-26 1.314E+01.04540.057 3080.11370.60-.002220       X1/2   2       X1/2   1           27.5   R 26.5f 26.5453323 3 3 8 3 1 3    56.0   54.0
 81 1925.346686 1.650E-55 2.363E-03.02560.04415770.36320.60-.002220       X3/2   5       X1/2   4                 RQ 72.5f     1622231111 8 3 1 3   438.0  438.0
 81 1925.380960 4.379E-54 2.529E-03.02640.04515101.16910.60-.002220       X3/2   5       X1/2   4                 RQ 69.5f     1622231111 8 3 1 3   420.0  420.0
 81 1925.387702 5.519E-57 2.545E+01.02120.02618422.50210.70-.001200       X3/2   4       X3/2   3                 RR 88.5e     1622231111 8 3 1 3   540.0  534.0
 81 1925.396155 4.992E-55 2.417E-03.02590.04515544.38830.60-.002220       X3/2   5       X1/2   4                 RQ 71.5f     1622231111 8 3 1 3   432.0  432.0
 81 1925.398414 5.491E-57 2.545E+01.02120.02618423.55650.70-.001200       X3/2   4       X3/2   3                 RR 88.5f     1622231111 8 3 1 3   540.0  534.0
 81 1925.407429 1.489E-54 2.472E-03.02610.04515321.32050.60-.002220       X3/2   5       X1/2   4                 RQ 70.5f     1622231111 8 3 1 3   426.0  426.0
 81 1925.424634 5.242E-58 2.104E-03.02430.04316943.37390.60-.002220       X3/2   5       X1/2   4                 RQ 77.5e     1622231111 8 3 1 3   468.0  468.0
 81 1925.453041 4.361E-46 2.550E+01.02620.03213205.87610.70-.001200       X3/2   4       X3/2   3                 RR 67.5e     1622231111 8 3 1 3   414.0  408.0
 81 1925.461017 7.722E-52 2.821E-03.02790.04614044.24100.60-.002220       X3/2   5       X1/2   4                 RQ 64.5e     1622231111 8 3 1 3   390.0  390.0
 81 1925.463082 4.349E-46 2.550E+01.02620.03213206.47520.70-.001200       X3/2   4       X3/2   3                 RR 67.5f     1622231111 8 3 1 3   414.0  408.0
 81 1925.471201 6.283E-57 2.545E+01.02150.04118398.14100.60-.002220       X1/2   4       X1/2   3                 RR 89.5f     1622231111 8 3 1 3   546.0  540.0
 81 1925.471434 6.282E-57 2.545E+01.02150.04118398.15100.60-.002220       X1/2   4       X1/2   3                 RR 89.5e     1622231111 8 3 1 3   546.0  540.0
 81 1925.538774 1.393E-32 1.923E+01.03670.044 6648.49030.70-.001200       X3/2   3       X3/2   2                 RR 40.5e     4632231111 8 3 1 3   252.0  246.0
 81 1925.546807 1.392E-32 1.923E+01.03670.044 6648.69010.70-.001200       X3/2   3       X3/2   2                 RR 40.5f     4632231111 8 3 1 3   252.0  246.0
 81 1925.647730 5.135E-46 2.552E+01.02640.04513175.32030.60-.002220       X1/2   4       X1/2   3                 RR 68.5e     1622231111 8 3 1 3   420.0  414.0
 81 1925.648422 5.130E-46 2.552E+01.02640.04513175.52060.60-.002220       X1/2   4       X1/2   3                 RR 68.5f     1622231111 8 3 1 3   420.0  414.0
 81 1925.659905 1.701E-57 2.150E-03.02450.04316702.99840.60-.002220       X3/2   5       X1/2   4                 RQ 76.5e     1622231111 8 3 1 3   462.0  462.0
 81 1925.680620 2.821E-52 2.756E-03.02760.04614249.68160.60-.002220       X3/2   5       X1/2   4                 RQ 65.5e     1622231111 8 3 1 3   396.0  396.0
 81 1925.712699 3.670E-74 9.373E-04.01830.03724500.44960.60-.002220       X3/2   4       X1/2   3                 RQ109.5f     0222231211 8 3 1 3   660.0  660.0
 81 1925.790825 3.078E-36 6.499E-03.04660.057 6637.18830.60-.002220       X3/2   4       X1/2   3                 RQ 25.5f     4643231111 8 3 1 3   156.0  156.0
 81 1925.850553 1.487E-71 1.920E+01.01710.02125320.17190.70-.001200       X3/2   3       X3/2   2                 RR115.5e     0222231211 8 3 1 3   702.0  696.0
 81 1925.854846 5.444E-57 2.198E-03.02480.04416465.48190.60-.002220       X3/2   5       X1/2   4                 RQ 75.5e     1622231111 8 3 1 3   456.0  456.0
 81 1925.862235 1.477E-71 1.920E+01.01710.02125321.57650.70-.001200       X3/2   3       X3/2   2                 RR115.5f     0222231211 8 3 1 3   702.0  696.0
 81 1925.864937 1.016E-52 2.693E-03.02730.04614458.08330.60-.002220       X3/2   5       X1/2   4                 RQ 66.5e     1622231111 8 3 1 3   402.0  402.0
 81 1925.865646 1.651E-71 1.920E+01.01720.03625300.44470.60-.002220       X1/2   3       X1/2   2                 RR116.5f     0222231211 8 3 1 3   708.0  702.0
 81 1925.867168 1.650E-71 1.920E+01.01720.03625300.57040.60-.002220       X1/2   3       X1/2   2                 RR116.5e     0222231211 8 3 1 3   708.0  702.0
 81 1925.873365 2.097E-56 2.547E+01.02140.02618145.68030.70-.001200       X3/2   4       X3/2   3                 RR 87.5e     1622231111 8 3 1 3   534.0  528.0
 81 1925.884052 2.087E-56 2.548E+01.02140.02618146.71000.70-.001200       X3/2   4       X3/2   3                 RR 87.5f     1622231111 8 3 1 3   534.0  528.0
 81 1925.921258 1.524E-46 2.552E+01.02590.03113425.20770.70-.001200       X3/2   4       X3/2   3                 RR 68.5e     1622231111 8 3 1 3   420.0  414.0
 81 1925.931342 1.519E-46 2.551E+01.02590.03113425.82560.70-.001200       X3/2   4       X3/2   3                 RR 68.5f     1622231111 8 3 1 3   420.0  414.0
 81 1925.960515 2.390E-56 2.548E+01.02170.04118121.09420.60-.002220       X1/2   4       X1/2   3                 RR 88.5f     1622231111 8 3 1 3   540.0  534.0
 81 1925.960714 2.390E-56 2.548E+01.02170.04118121.09110.60-.002220       X1/2   4       X1/2   3                 RR 88.5e     1622231111 8 3 1 3   540.0  534.0
 81 1926.009867 1.718E-56 2.247E-03.02510.04416230.83410.60-.002220       X3/2   5       X1/2   4                 RQ 74.5e     1622231111 8 3 1 3   450.0  450.0
 81 1926.013453 3.607E-53 2.632E-03.02700.04614669.43740.60-.002220       X3/2   5       X1/2   4                 RQ 67.5e     1622231111 8 3 1 3   408.0  408.0
 81 1926.015695 5.520E-26 8.205E-04.04660.057 1128.08630.60-.001280       X3/2   1       X1/2   0           25.5   P 25.5f 26.5454323 4 4 8 3 1 3    52.0   54.0
 81 1926.017846 5.307E-26 8.204E-04.04660.057 1128.08630.60-.001280       X3/2   1       X1/2   0           24.5   P 25.5f 25.5454323 4 4 8 3 1 3    50.0   52.0
 81 1926.017868 8.174E-29 1.215E-06.04660.057 1128.08630.60-.001280       X3/2   1       X1/2   0           25.5   P 25.5f 25.5454323 4 4 8 3 1 3    52.0   52.0
 81 1926.020060 8.174E-29 1.264E-06.04660.057 1128.08630.60-.001280       X3/2   1       X1/2   0           24.5   P 25.5f 24.5454323 4 4 8 3 1 3    50.0   50.0
 81 1926.020082 3.144E-32 4.673E-10.04660.057 1128.08630.60-.001280       X3/2   1       X1/2   0           25.5   P 25.5f 24.5454323 4 4 8 3 1 3    52.0   50.0
 81 1926.020248 5.103E-26 8.217E-04.04660.057 1128.08630.60-.001280       X3/2   1       X1/2   0           23.5   P 25.5f 24.5454323 4 4 8 3 1 3    48.0   50.0
 81 1926.021547 9.742E-35 5.930E-03.06000.064 5568.35770.71-.000520       X3/2   4       X1/2   3                 SR  3.5f     4654431111 8 3 1 3    30.0   24.0
 81 1926.068023 9.737E-35 5.925E-03.06000.064 5568.31070.71-.000520       X3/2   4       X1/2   3                 SR  3.5e     4654431111 8 3 1 3    30.0   24.0
 81 1926.097252 3.068E-36 6.472E-03.04660.057 6636.94500.60-.002220       X3/2   4       X1/2   3                 RQ 25.5e     4643231111 8 3 1 3   156.0  156.0
 81 1926.108467 1.791E-46 2.554E+01.02610.04513395.01810.60-.002220       X1/2   4       X1/2   3                 RR 69.5e     1622231111 8 3 1 3   426.0  420.0
 81 1926.109103 1.789E-46 2.553E+01.02610.04513395.21140.60-.002220       X1/2   4       X1/2   3                 RR 69.5f     1622231111 8 3 1 3   426.0  420.0
 81 1926.111949 1.778E-32 1.927E+01.03680.052 6603.41350.60-.002220       X1/2   3       X1/2   2                 RR 41.5e     4632231111 8 3 1 3   258.0  252.0
 81 1926.114960 1.775E-32 1.926E+01.03680.052 6603.70020.60-.002220       X1/2   3       X1/2   2                 RR 41.5f     4632231111 8 3 1 3   258.0  252.0
 81 1926.125383 5.346E-56 2.298E-03.02530.04415999.06510.60-.002220       X3/2   5       X1/2   4                 RQ 73.5e     1622231111 8 3 1 3   444.0  444.0
 81 1926.125664 1.262E-53 2.572E-03.02670.04514883.73530.60-.002220       X3/2   5       X1/2   4                 RQ 68.5e     1622231111 8 3 1 3   414.0  414.0
 81 1926.196720 3.148E-32 4.675E-10.04660.057 1127.84540.60-.001280       X3/2   1       X1/2   0           25.5   P 25.5e 24.5454323 4 4 8 3 1 3    52.0   50.0
 81 1926.197203 8.185E-29 1.264E-06.04660.057 1127.84540.60-.001280       X3/2   1       X1/2   0           24.5   P 25.5e 24.5454323 4 4 8 3 1 3    50.0   50.0
 81 1926.197550 5.109E-26 8.219E-04.04660.057 1127.84540.60-.001280       X3/2   1       X1/2   0           23.5   P 25.5e 24.5454323 4 4 8 3 1 3    48.0   50.0
 81 1926.198016 8.185E-29 1.215E-06.04660.057 1127.84540.60-.001280       X3/2   1       X1/2   0           25.5   P 25.5e 25.5454323 4 4 8 3 1 3    52.0   52.0
 81 1926.198499 5.314E-26 8.207E-04.04660.057 1127.84540.60-.001280       X3/2   1       X1/2   0           24.5   P 25.5e 25.5454323 4 4 8 3 1 3    50.0   52.0
 81 1926.199140 5.527E-26 8.207E-04.04660.057 1127.84540.60-.001280       X3/2   1       X1/2   0           25.5   P 25.5e 26.5454323 4 4 8 3 1 3    52.0   54.0
 81 1926.201078 4.353E-54 2.514E-03.02640.04515100.96800.60-.002220       X3/2   5       X1/2   4                 RQ 69.5e     1622231111 8 3 1 3   420.0  420.0
 81 1926.201822 1.640E-55 2.349E-03.02560.04415770.18450.60-.002220       X3/2   5       X1/2   4                 RQ 72.5e     1622231111 8 3 1 3   438.0  438.0
 81 1926.239220 1.480E-54 2.457E-03.02610.04515321.12660.60-.002220       X3/2   5       X1/2   4                 RQ 70.5e     1622231111 8 3 1 3   426.0  426.0
 81 1926.239619 4.963E-55 2.403E-03.02590.04515544.20180.60-.002220       X3/2   5       X1/2   4                 RQ 71.5e     1622231111 8 3 1 3   432.0  432.0
 81 1926.286247 8.060E-21 6.424E+00.05180.060  426.22190.51-.001210       X1/2   1       X1/2   0           15.5   R 15.5e 14.5455443 4 4 8 3 1 3    32.0   30.0
 81 1926.286259 8.566E-21 6.426E+00.05180.060  426.22190.51-.001210       X1/2   1       X1/2   0           16.5   R 15.5e 15.5455443 4 4 8 3 1 3    34.0   32.0
 81 1926.286280 9.103E-21 6.449E+00.05180.060  426.22190.51-.001210       X1/2   1       X1/2   0           17.5   R 15.5e 16.5455443 4 4 8 3 1 3    36.0   34.0
 81 1926.287622 3.158E-23 2.369E-02.05180.060  426.22190.51-.001210       X1/2   1       X1/2   0           16.5   R 15.5e 16.5455443 4 4 8 3 1 3    34.0   34.0
 81 1926.287689 3.158E-23 2.517E-02.05180.060  426.22190.51-.001210       X1/2   1       X1/2   0           15.5   R 15.5e 15.5455443 4 4 8 3 1 3    32.0   32.0
 81 1926.289052 2.903E-26 2.314E-05.05180.060  426.22190.51-.001210       X1/2   1       X1/2   0           15.5   R 15.5e 16.5455443 4 4 8 3 1 3    32.0   34.0
 81 1926.290516 2.900E-26 2.313E-05.05180.060  426.39350.51-.001210       X1/2   1       X1/2   0           15.5   R 15.5f 16.5455443 4 4 8 3 1 3    32.0   34.0
 81 1926.292688 3.155E-23 2.369E-02.05180.060  426.39350.51-.001210       X1/2   1       X1/2   0           16.5   R 15.5f 16.5455443 4 4 8 3 1 3    34.0   34.0
 81 1926.292745 3.155E-23 2.517E-02.05180.060  426.39350.51-.001210       X1/2   1       X1/2   0           15.5   R 15.5f 15.5455443 4 4 8 3 1 3    32.0   32.0
 81 1926.294909 9.096E-21 6.450E+00.05180.060  426.39350.51-.001210       X1/2   1       X1/2   0           17.5   R 15.5f 16.5455443 4 4 8 3 1 3    36.0   34.0
 81 1926.294910 8.054E-21 6.425E+00.05180.060  426.39350.51-.001210       X1/2   1       X1/2   0           15.5   R 15.5f 14.5455443 4 4 8 3 1 3    32.0   30.0
 81 1926.294917 8.559E-21 6.426E+00.05180.060  426.39350.51-.001210       X1/2   1       X1/2   0           16.5   R 15.5f 15.5455443 4 4 8 3 1 3    34.0   32.0
 81 1926.309617 7.860E-56 2.550E+01.02160.02617871.62920.70-.001200       X3/2   4       X3/2   3                 RR 86.5e     1622231111 8 3 1 3   528.0  522.0
 81 1926.320281 7.822E-56 2.550E+01.02160.02617872.63450.70-.001200       X3/2   4       X3/2   3                 RR 86.5f     1622231111 8 3 1 3   528.0  522.0
 81 1926.343431 5.248E-47 2.554E+01.02560.03113647.51040.70-.001200       X3/2   4       X3/2   3                 RR 69.5e     1622231111 8 3 1 3   426.0  420.0
 81 1926.353558 5.232E-47 2.554E+01.02560.03113648.14730.70-.001200       X3/2   4       X3/2   3                 RR 69.5f     1622231111 8 3 1 3   426.0  420.0
 81 1926.400545 8.969E-56 2.550E+01.02190.04117846.81310.60-.002220       X1/2   4       X1/2   3                 RR 87.5f     1622231111 8 3 1 3   534.0  528.0
 81 1926.400707 8.970E-56 2.550E+01.02190.04117846.79730.60-.002220       X1/2   4       X1/2   3                 RR 87.5e     1622231111 8 3 1 3   534.0  528.0
 81 1926.523446 6.154E-47 2.555E+01.02590.04513617.67840.60-.002220       X1/2   4       X1/2   3                 RR 70.5e     1622231111 8 3 1 3   432.0  426.0
 81 1926.524028 6.149E-47 2.555E+01.02590.04513617.86420.60-.002220       X1/2   4       X1/2   3                 RR 70.5f     1622231111 8 3 1 3   432.0  426.0
 81 1926.566605 3.609E-26 1.315E+01.04540.054 3229.78660.70-.001200       X3/2   2       X3/2   1           28.5   R 26.5e 27.5453323 3 3 8 3 1 3    58.0   56.0
 81 1926.566626 3.479E-26 1.313E+01.04540.054 3229.78660.70-.001200       X3/2   2       X3/2   1           27.5   R 26.5e 26.5453323 3 3 8 3 1 3    56.0   54.0
 81 1926.566643 3.355E-26 1.313E+01.04540.054 3229.78660.70-.001200       X3/2   2       X3/2   1           26.5   R 26.5e 25.5453323 3 3 8 3 1 3    54.0   52.0
 81 1926.567037 4.607E-29 1.803E-02.04540.054 3229.78660.70-.001200       X3/2   2       X3/2   1           26.5   R 26.5e 26.5453323 3 3 8 3 1 3    54.0   54.0
 81 1926.567164 4.607E-29 1.739E-02.04540.054 3229.78660.70-.001200       X3/2   2       X3/2   1           27.5   R 26.5e 27.5453323 3 3 8 3 1 3    56.0   56.0
 81 1926.567575 1.523E-32 5.961E-06.04540.054 3229.78660.70-.001200       X3/2   2       X3/2   1           26.5   R 26.5e 27.5453323 3 3 8 3 1 3    54.0   56.0
 81 1926.572104 4.605E-29 1.739E-02.04540.054 3229.86020.70-.001200       X3/2   2       X3/2   1           27.5   R 26.5f 27.5453323 3 3 8 3 1 3    56.0   56.0
 81 1926.572115 3.607E-26 1.315E+01.04540.054 3229.86020.70-.001200       X3/2   2       X3/2   1           28.5   R 26.5f 27.5453323 3 3 8 3 1 3    58.0   56.0
 81 1926.572118 3.478E-26 1.313E+01.04540.054 3229.86020.70-.001200       X3/2   2       X3/2   1           27.5   R 26.5f 26.5453323 3 3 8 3 1 3    56.0   54.0
 81 1926.572124 3.354E-26 1.313E+01.04540.054 3229.86020.70-.001200       X3/2   2       X3/2   1           26.5   R 26.5f 25.5453323 3 3 8 3 1 3    54.0   52.0
 81 1926.572313 1.523E-32 5.964E-06.04540.054 3229.86020.70-.001200       X3/2   2       X3/2   1           26.5   R 26.5f 27.5453323 3 3 8 3 1 3    54.0   56.0
 81 1926.572327 4.605E-29 1.803E-02.04540.054 3229.86020.70-.001200       X3/2   2       X3/2   1           26.5   R 26.5f 26.5453323 3 3 8 3 1 3    54.0   54.0
 81 1926.696647 2.906E-55 2.552E+01.02180.02617600.36040.70-.001200       X3/2   4       X3/2   3                 RR 85.5e     1622231111 8 3 1 3   522.0  516.0
 81 1926.707285 2.892E-55 2.552E+01.02180.02617601.34160.70-.001200       X3/2   4       X3/2   3                 RR 85.5f     1622231111 8 3 1 3   522.0  516.0
 81 1926.719395 1.781E-47 2.556E+01.02530.03113872.77480.70-.001200       X3/2   4       X3/2   3                 RR 70.5e     1622231111 8 3 1 3   432.0  426.0
 81 1926.729562 1.775E-47 2.555E+01.02530.03113873.43110.70-.001200       X3/2   4       X3/2   3                 RR 70.5f     1622231111 8 3 1 3   432.0  426.0
 81 1926.744199 2.053E-36 6.338E-03.04600.057 6722.91750.60-.002220       X3/2   4       X1/2   3                 RQ 26.5f     4643231111 8 3 1 3   162.0  162.0
 81 1926.791482 3.320E-55 2.552E+01.02210.04117575.30930.60-.002220       X1/2   4       X1/2   3                 RR 86.5f     1622231111 8 3 1 3   528.0  522.0
 81 1926.791607 3.321E-55 2.552E+01.02210.04117575.28110.60-.002220       X1/2   4       X1/2   3                 RR 86.5e     1622231111 8 3 1 3   528.0  522.0
 81 1926.817347 1.120E-38 4.310E-03.05370.061 7565.30050.67-.000510       X3/2   5       X1/2   4                 SR 11.5f     4654431111 8 3 1 3    78.0   72.0
 81 1926.892488 2.084E-47 2.556E+01.02560.04413843.29200.60-.002220       X1/2   4       X1/2   3                 RR 71.5e     1622231111 8 3 1 3   438.0  432.0
 81 1926.893017 2.082E-47 2.556E+01.02560.04413843.47020.60-.002220       X1/2   4       X1/2   3                 RR 71.5f     1622231111 8 3 1 3   438.0  432.0
 81 1926.894706 1.559E-86 6.520E+00.01450.03332236.44640.60-.002220       X1/2   1       X1/2   0                 RR142.5f     0222231211 8 3 1 3   864.0  858.0
 81 1926.898466 1.559E-86 6.522E+00.01450.03332236.53270.60-.002220       X1/2   1       X1/2   0                 RR142.5e     0222231211 8 3 1 3   864.0  858.0
 81 1926.913897 1.426E-86 6.522E+00.01440.01832253.42900.70-.001200       X3/2   1       X3/2   0                 RR141.5e     0222231211 8 3 1 3   858.0  852.0
 81 1926.927533 1.416E-86 6.524E+00.01440.01832254.93100.70-.001200       X3/2   1       X3/2   0                 RR141.5f     0222231211 8 3 1 3   858.0  852.0
 81 1926.942416 1.118E-38 4.300E-03.05370.061 7565.16620.67-.000510       X3/2   5       X1/2   4                 SR 11.5e     4654431111 8 3 1 3    78.0   72.0
 81 1927.001894 3.641E-74 9.317E-04.01830.03724500.57920.60-.002220       X3/2   4       X1/2   3                 RQ109.5e     0222231211 8 3 1 3   660.0  660.0
 81 1927.034640 1.060E-54 2.554E+01.02200.02717331.88560.70-.001200       X3/2   4       X3/2   3                 RR 84.5e     1622231111 8 3 1 3   516.0  510.0
 81 1927.045254 1.055E-54 2.554E+01.02200.02717332.84300.70-.001200       X3/2   4       X3/2   3                 RR 84.5f     1622231111 8 3 1 3   516.0  510.0
 81 1927.048979 5.956E-48 2.557E+01.02510.03014100.99130.70-.001200       X3/2   4       X3/2   3                 RR 71.5e     1622231111 8 3 1 3   438.0  432.0
 81 1927.059186 5.936E-48 2.557E+01.02510.03014101.66730.70-.001200       X3/2   4       X3/2   3                 RR 71.5f     1622231111 8 3 1 3   438.0  432.0
 81 1927.062358 2.046E-36 6.311E-03.04600.057 6722.66890.60-.002220       X3/2   4       X1/2   3                 RQ 26.5e     4643231111 8 3 1 3   162.0  162.0
 81 1927.133519 1.212E-54 2.553E+01.02230.04117306.59410.60-.002220       X1/2   4       X1/2   3                 RR 85.5f     1622231111 8 3 1 3   522.0  516.0
 81 1927.133607 1.213E-54 2.555E+01.02230.04117306.55390.60-.002220       X1/2   4       X1/2   3                 RR 85.5e     1622231111 8 3 1 3   522.0  516.0
 81 1927.215413 6.958E-48 2.558E+01.02530.04414071.84970.60-.002220       X1/2   4       X1/2   3                 RR 72.5e     1622231111 8 3 1 3   444.0  438.0
 81 1927.215890 6.952E-48 2.558E+01.02530.04414072.01990.60-.002220       X1/2   4       X1/2   3                 RR 72.5f     1622231111 8 3 1 3   444.0  438.0
 81 1927.223491 1.211E-27 2.188E-03.05320.061 2198.82360.72-.002070       X3/2   2       X1/2   1                 QP 13.5f     4654431111 8 3 1 3    78.0   84.0
 81 1927.231025 7.321E-33 1.929E+01.03620.043 6785.97810.70-.001200       X3/2   3       X3/2   2                 RR 41.5e     4632231111 8 3 1 3   258.0  252.0
 81 1927.239189 7.314E-33 1.929E+01.03620.043 6786.18930.70-.001200       X3/2   3       X3/2   2                 RR 41.5f     4632231111 8 3 1 3   258.0  252.0
 81 1927.273609 4.771E-21 6.412E+00.05350.062  557.73850.67-.001210       X3/2   1       X3/2   0           17.5   R 15.5e 16.5455443 4 4 8 3 1 3    36.0   34.0
 81 1927.273647 4.489E-21 6.388E+00.05350.062  557.73850.67-.001210       X3/2   1       X3/2   0           16.5   R 15.5e 15.5455443 4 4 8 3 1 3    34.0   32.0
 81 1927.273679 4.224E-21 6.387E+00.05350.062  557.73850.67-.001210       X3/2   1       X3/2   0           15.5   R 15.5e 14.5455443 4 4 8 3 1 3    32.0   30.0
 81 1927.273770 1.655E-23 2.502E-02.05350.062  557.73850.67-.001210       X3/2   1       X3/2   0           15.5   R 15.5e 15.5455443 4 4 8 3 1 3    32.0   32.0
 81 1927.273821 1.655E-23 2.355E-02.05350.062  557.73850.67-.001210       X3/2   1       X3/2   0           16.5   R 15.5e 16.5455443 4 4 8 3 1 3    34.0   34.0
 81 1927.273943 1.521E-26 2.300E-05.05350.062  557.73850.67-.001210       X3/2   1       X3/2   0           15.5   R 15.5e 16.5455443 4 4 8 3 1 3    32.0   34.0
 81 1927.276519 1.655E-23 2.355E-02.05350.062  557.75690.67-.001210       X3/2   1       X3/2   0           16.5   R 15.5f 16.5455443 4 4 8 3 1 3    34.0   34.0
 81 1927.276595 1.521E-26 2.300E-05.05350.062  557.75690.67-.001210       X3/2   1       X3/2   0           15.5   R 15.5f 16.5455443 4 4 8 3 1 3    32.0   34.0
 81 1927.276614 4.770E-21 6.411E+00.05350.062  557.75690.67-.001210       X3/2   1       X3/2   0           17.5   R 15.5f 16.5455443 4 4 8 3 1 3    36.0   34.0
 81 1927.276631 4.489E-21 6.389E+00.05350.062  557.75690.67-.001210       X3/2   1       X3/2   0           16.5   R 15.5f 15.5455443 4 4 8 3 1 3    34.0   32.0
 81 1927.276653 4.224E-21 6.387E+00.05350.062  557.75690.67-.001210       X3/2   1       X3/2   0           15.5   R 15.5f 14.5455443 4 4 8 3 1 3    32.0   30.0
 81 1927.276707 1.655E-23 2.503E-02.05350.062  557.75690.67-.001210       X3/2   1       X3/2   0           15.5   R 15.5f 15.5455443 4 4 8 3 1 3    32.0   32.0
 81 1927.323781 3.811E-54 2.555E+01.02220.02717066.21610.70-.001200       X3/2   4       X3/2   3                 RR 83.5e     1622231111 8 3 1 3   510.0  504.0
 81 1927.332017 1.963E-48 2.558E+01.02480.03014332.15040.70-.001200       X3/2   4       X3/2   3                 RR 72.5e     1622231111 8 3 1 3   444.0  438.0
 81 1927.334370 3.794E-54 2.555E+01.02220.02717067.15010.70-.001200       X3/2   4       X3/2   3                 RR 83.5f     1622231111 8 3 1 3   510.0  504.0
 81 1927.342262 1.956E-48 2.557E+01.02480.03014332.84630.70-.001200       X3/2   4       X3/2   3                 RR 72.5f     1622231111 8 3 1 3   444.0  438.0
 81 1927.367363 1.209E-27 2.183E-03.05320.061 2198.66990.72-.002070       X3/2   2       X1/2   1                 QP 13.5e     4654431111 8 3 1 3    78.0   84.0
 81 1927.377867 1.839E-73 9.563E-04.01850.03724170.78410.60-.002220       X3/2   4       X1/2   3                 RQ108.5f     0222231211 8 3 1 3   654.0  654.0
 81 1927.426846 4.366E-54 2.556E+01.02250.04217040.67900.60-.002220       X1/2   4       X1/2   3                 RR 84.5f     1622231111 8 3 1 3   516.0  510.0
 81 1927.426897 4.367E-54 2.556E+01.02250.04217040.62700.60-.002220       X1/2   4       X1/2   3                 RR 84.5e     1622231111 8 3 1 3   516.0  510.0
 81 1927.449056 5.391E-48 1.982E-03.04540.05711977.01800.60-.002220       X3/2   7       X1/2   6                 SR 26.5f     3633231111 8 3 1 3   168.0  162.0
 81 1927.453800 2.259E-65 2.960E-04.03230.04919949.16170.60-.002220       X3/2  10       X1/2   9                 SR 51.5e     3622231111 8 3 1 3   318.0  312.0
 81 1927.462014 2.270E-65 2.979E-04.03230.04919949.46700.60-.002220       X3/2  10       X1/2   9                 SR 51.5f     3622231111 8 3 1 3   318.0  312.0
 81 1927.492038 2.289E-48 2.559E+01.02510.04414303.34210.60-.002220       X1/2   4       X1/2   3                 RR 73.5e     1622231111 8 3 1 3   450.0  444.0
 81 1927.492466 2.287E-48 2.559E+01.02510.04414303.50400.60-.002220       X1/2   4       X1/2   3                 RR 73.5f     1622231111 8 3 1 3   450.0  444.0
 81 1927.564257 1.352E-53 2.557E+01.02250.02716803.36330.70-.001200       X3/2   4       X3/2   3                 RR 82.5e     1622231111 8 3 1 3   504.0  498.0
 81 1927.568337 6.377E-49 2.559E+01.02450.03014566.24220.70-.001200       X3/2   4       X3/2   3                 RR 73.5e     1622231111 8 3 1 3   450.0  444.0
 81 1927.574819 1.346E-53 2.557E+01.02250.02716804.27420.70-.001200       X3/2   4       X3/2   3                 RR 82.5f     1622231111 8 3 1 3   504.0  498.0
 81 1927.578619 6.355E-49 2.559E+01.02450.03014566.95830.70-.001200       X3/2   4       X3/2   3                 RR 73.5f     1622231111 8 3 1 3   450.0  444.0
 81 1927.623786 4.657E-26 1.321E+01.04470.056 3170.71570.60-.002220       X1/2   2       X1/2   1           27.5   R 27.5e 26.5453323 3 3 8 3 1 3    56.0   54.0
 81 1927.623796 4.823E-26 1.320E+01.04470.056 3170.71570.60-.002220       X1/2   2       X1/2   1           28.5   R 27.5e 27.5453323 3 3 8 3 1 3    58.0   56.0
 81 1927.623812 4.996E-26 1.322E+01.04470.056 3170.71570.60-.002220       X1/2   2       X1/2   1           29.5   R 27.5e 28.5453323 3 3 8 3 1 3    60.0   58.0
 81 1927.624883 5.945E-29 1.628E-02.04470.056 3170.71570.60-.002220       X1/2   2       X1/2   1           28.5   R 27.5e 28.5453323 3 3 8 3 1 3    58.0   58.0
 81 1927.625046 1.828E-32 5.190E-06.04470.056 3170.96730.60-.002220       X1/2   2       X1/2   1           27.5   R 27.5f 28.5453323 3 3 8 3 1 3    56.0   58.0
 81 1927.625053 5.945E-29 1.686E-02.04470.056 3170.71570.60-.002220       X1/2   2       X1/2   1           27.5   R 27.5e 27.5453323 3 3 8 3 1 3    56.0   56.0
 81 1927.626140 1.830E-32 5.189E-06.04470.056 3170.71570.60-.002220       X1/2   2       X1/2   1           27.5   R 27.5e 28.5453323 3 3 8 3 1 3    56.0   58.0
 81 1927.627209 5.938E-29 1.686E-02.04470.056 3170.96730.60-.002220       X1/2   2       X1/2   1           27.5   R 27.5f 27.5453323 3 3 8 3 1 3    56.0   56.0
 81 1927.627265 5.938E-29 1.628E-02.04470.056 3170.96730.60-.002220       X1/2   2       X1/2   1           28.5   R 27.5f 28.5453323 3 3 8 3 1 3    58.0   58.0
 81 1927.628094 5.377E-48 1.975E-03.04540.05711976.76680.60-.002220       X3/2   7       X1/2   6                 SR 26.5e     3633231111 8 3 1 3   168.0  162.0
 81 1927.629424 4.990E-26 1.322E+01.04470.056 3170.96730.60-.002220       X1/2   2       X1/2   1           29.5   R 27.5f 28.5453323 3 3 8 3 1 3    60.0   58.0
 81 1927.629427 4.651E-26 1.320E+01.04470.056 3170.96730.60-.002220       X1/2   2       X1/2   1           27.5   R 27.5f 26.5453323 3 3 8 3 1 3    56.0   54.0
 81 1927.629428 4.817E-26 1.320E+01.04470.056 3170.96730.60-.002220       X1/2   2       X1/2   1           28.5   R 27.5f 27.5453323 3 3 8 3 1 3    58.0   56.0
 81 1927.671656 1.551E-53 2.557E+01.02270.04216777.57500.60-.002220       X1/2   4       X1/2   3                 RR 83.5f     1622231111 8 3 1 3   510.0  504.0
 81 1927.671666 1.551E-53 2.557E+01.02270.04216777.51150.60-.002220       X1/2   4       X1/2   3                 RR 83.5e     1622231111 8 3 1 3   510.0  504.0
 81 1927.691219 8.129E-71 1.927E+01.01720.02124969.29330.70-.001200       X3/2   3       X3/2   2                 RR114.5e     0222231211 8 3 1 3   696.0  690.0
 81 1927.702875 8.074E-71 1.927E+01.01720.02124970.69540.70-.001200       X3/2   3       X3/2   2                 RR114.5f     0222231211 8 3 1 3   696.0  690.0
 81 1927.705405 1.346E-36 6.180E-03.04540.057 6811.86310.60-.002220       X3/2   4       X1/2   3                 RQ 27.5f     4633231111 8 3 1 3   168.0  168.0
 81 1927.707910 9.029E-71 1.927E+01.01740.03624949.44020.60-.002220       X1/2   3       X1/2   2                 RR115.5f     0222231211 8 3 1 3   702.0  696.0
 81 1927.709393 9.024E-71 1.927E+01.01740.03624949.56870.60-.002220       X1/2   3       X1/2   2                 RR115.5e     0222231211 8 3 1 3   702.0  696.0
 81 1927.722183 7.423E-49 2.560E+01.02480.04414537.75970.60-.002220       X1/2   4       X1/2   3                 RR 74.5e     1622231111 8 3 1 3   456.0  450.0
 81 1927.722562 7.418E-49 2.560E+01.02480.04414537.91310.60-.002220       X1/2   4       X1/2   3                 RR 74.5f     1622231111 8 3 1 3   456.0  450.0
 81 1927.756248 4.729E-53 2.558E+01.02270.02716543.33830.70-.001200       X3/2   4       X3/2   3                 RR 81.5e     1622231111 8 3 1 3   498.0  492.0
 81 1927.757768 2.042E-49 2.559E+01.02430.02914803.25690.70-.001200       X3/2   4       X3/2   3                 RR 74.5e     1622231111 8 3 1 3   456.0  450.0
 81 1927.766783 4.708E-53 2.557E+01.02270.02716544.22640.70-.001200       X3/2   4       X3/2   3                 RR 81.5f     1622231111 8 3 1 3   498.0  492.0
 81 1927.768085 2.035E-49 2.560E+01.02430.02914803.99340.70-.001200       X3/2   4       X3/2   3                 RR 74.5f     1622231111 8 3 1 3   456.0  450.0
 81 1927.780295 9.303E-33 1.933E+01.03630.052 6741.68120.60-.002220       X1/2   3       X1/2   2                 RR 42.5e     4622231111 8 3 1 3   264.0  258.0
 81 1927.781406 1.551E-31 2.271E-03.06170.066 3748.66130.69-.000880       X3/2   3       X1/2   2                 QP  3.5f     4654431111 8 3 1 3    18.0   24.0
 81 1927.783165 9.290E-33 1.933E+01.03630.052 6741.96810.60-.002220       X1/2   3       X1/2   2                 RR 42.5f     4622231111 8 3 1 3   264.0  258.0
 81 1927.828379 1.551E-31 2.271E-03.06170.066 3748.61420.69-.000880       X3/2   3       X1/2   2                 QP  3.5e     4654431111 8 3 1 3    18.0   24.0
 81 1927.868107 5.434E-53 2.558E+01.02290.04216517.21850.60-.002220       X1/2   4       X1/2   3                 RR 82.5e     1622231111 8 3 1 3   504.0  498.0
 81 1927.868136 5.433E-53 2.559E+01.02290.04216517.29310.60-.002220       X1/2   4       X1/2   3                 RR 82.5f     1622231111 8 3 1 3   504.0  498.0
 81 1927.899938 1.631E-52 2.558E+01.02290.02816286.15230.70-.001200       X3/2   4       X3/2   3                 RR 80.5e     1622231111 8 3 1 3   492.0  486.0
 81 1927.900138 6.446E-50 2.560E+01.02400.02915043.18420.70-.001200       X3/2   4       X3/2   3                 RR 75.5e     1622231111 8 3 1 3   462.0  456.0
 81 1927.905667 2.373E-49 2.560E+01.02450.04314775.09280.60-.002220       X1/2   4       X1/2   3                 RR 75.5e     1622231111 8 3 1 3   462.0  456.0
 81 1927.905999 2.371E-49 2.560E+01.02450.04314775.23730.60-.002220       X1/2   4       X1/2   3                 RR 75.5f     1622231111 8 3 1 3   462.0  456.0
 81 1927.910445 1.624E-52 2.558E+01.02290.02816287.01780.70-.001200       X3/2   4       X3/2   3                 RR 80.5f     1622231111 8 3 1 3   492.0  486.0
 81 1927.910489 6.422E-50 2.560E+01.02400.02915043.94150.70-.001200       X3/2   4       X3/2   3                 RR 75.5f     1622231111 8 3 1 3   462.0  456.0
 81 1927.928768 2.848E-79 1.295E+01.01560.03428919.59260.60-.002220       X1/2   2       X1/2   1                 RR130.5f     0222231211 8 3 1 3   792.0  786.0
 81 1927.931338 2.847E-79 1.295E+01.01560.03428919.69560.60-.002220       X1/2   2       X1/2   1                 RR130.5e     0222231211 8 3 1 3   792.0  786.0
 81 1927.934540 2.589E-79 1.295E+01.01550.01928937.68560.70-.001200       X3/2   2       X3/2   1                 RR129.5e     0222231211 8 3 1 3   786.0  780.0
 81 1927.944084 5.328E-59 6.332E-04.03630.05217048.39720.60-.002220       X3/2   9       X1/2   8                 SR 42.5f     3622231111 8 3 1 3   264.0  258.0
 81 1927.947116 2.570E-79 1.295E+01.01550.01928939.14170.70-.001200       X3/2   2       X3/2   1                 RR129.5f     0222231211 8 3 1 3   786.0  780.0
 81 1927.995272 2.006E-50 2.560E+01.02380.02915286.01420.70-.001200       X3/2   4       X3/2   3                 RR 76.5e     1622231111 8 3 1 3   468.0  462.0
 81 1927.995507 5.548E-52 2.559E+01.02310.02816031.81620.70-.001200       X3/2   4       X3/2   3                 RR 79.5e     1622231111 8 3 1 3   486.0  480.0
 81 1928.005656 1.998E-50 2.560E+01.02380.02915286.79260.70-.001200       X3/2   4       X3/2   3                 RR 76.5f     1622231111 8 3 1 3   468.0  462.0
 81 1928.005984 5.525E-52 2.559E+01.02310.02816032.65940.70-.001200       X3/2   4       X3/2   3                 RR 79.5f     1622231111 8 3 1 3   486.0  480.0
 81 1928.016405 1.877E-52 2.559E+01.02310.04216259.75870.60-.002220       X1/2   4       X1/2   3                 RR 81.5e     1622231111 8 3 1 3   498.0  492.0
 81 1928.016474 1.877E-52 2.560E+01.02310.04216259.84430.60-.002220       X1/2   4       X1/2   3                 RR 81.5f     1622231111 8 3 1 3   498.0  492.0
 81 1928.035293 1.342E-36 6.156E-03.04540.057 6811.60950.60-.002220       X3/2   4       X1/2   3                 RQ 27.5e     4633231111 8 3 1 3   168.0  168.0
 81 1928.038821 5.309E-59 6.301E-04.03630.05217048.09330.60-.002220       X3/2   9       X1/2   8                 SR 42.5e     3622231111 8 3 1 3   264.0  258.0
 81 1928.042307 7.478E-50 2.561E+01.02430.04315015.33150.60-.002220       X1/2   4       X1/2   3                 RR 76.5e     1622231111 8 3 1 3   468.0  462.0
 81 1928.042592 7.473E-50 2.561E+01.02430.04315015.46700.60-.002220       X1/2   4       X1/2   3                 RR 76.5f     1622231111 8 3 1 3   468.0  462.0
 81 1928.042995 6.153E-51 2.560E+01.02360.02915531.73650.70-.001200       X3/2   4       X3/2   3                 RR 77.5e     1622231111 8 3 1 3   474.0  468.0
 81 1928.043132 1.861E-51 2.560E+01.02330.02815780.34070.70-.001200       X3/2   4       X3/2   3                 RR 78.5e     1622231111 8 3 1 3   480.0  474.0
 81 1928.053412 6.129E-51 2.560E+01.02360.02915532.53620.70-.001200       X3/2   4       X3/2   3                 RR 77.5f     1622231111 8 3 1 3   474.0  468.0
 81 1928.053580 1.853E-51 2.559E+01.02330.02815781.16200.70-.001200       X3/2   4       X3/2   3                 RR 78.5f     1622231111 8 3 1 3   480.0  474.0
 81 1928.116749 6.395E-52 2.560E+01.02330.04216005.14310.60-.002220       X1/2   4       X1/2   3                 RR 80.5e     1622231111 8 3 1 3   492.0  486.0
 81 1928.116859 6.392E-52 2.560E+01.02330.04216005.23920.60-.002220       X1/2   4       X1/2   3                 RR 80.5f     1622231111 8 3 1 3   492.0  486.0
 81 1928.131920 2.323E-50 2.561E+01.02410.04315258.46610.60-.002220       X1/2   4       X1/2   3                 RR 77.5e     1622231111 8 3 1 3   474.0  468.0
 81 1928.132159 2.321E-50 2.560E+01.02410.04315258.59220.60-.002220       X1/2   4       X1/2   3                 RR 77.5f     1622231111 8 3 1 3   474.0  468.0
 81 1928.169325 2.148E-51 2.560E+01.02360.04315753.38220.60-.002220       X1/2   4       X1/2   3                 RR 79.5e     1622231111 8 3 1 3   486.0  480.0
 81 1928.169478 2.147E-51 2.561E+01.02360.04315753.48860.60-.002220       X1/2   4       X1/2   3                 RR 79.5f     1622231111 8 3 1 3   486.0  480.0
 81 1928.174321 7.114E-51 2.561E+01.02380.04315504.48640.60-.002220       X1/2   4       X1/2   3                 RR 78.5e     1622231111 8 3 1 3   480.0  474.0
 81 1928.174516 7.110E-51 2.561E+01.02380.04315504.60280.60-.002220       X1/2   4       X1/2   3                 RR 78.5f     1622231111 8 3 1 3   480.0  474.0
 81 1928.305343 8.323E-26 8.525E-04.04720.058 1042.92720.60-.001280       X3/2   1       X1/2   0           24.5   P 24.5f 25.5454323 4 4 8 3 1 3    50.0   52.0
 81 1928.307495 7.990E-26 8.525E-04.04720.058 1042.92720.60-.001280       X3/2   1       X1/2   0           23.5   P 24.5f 24.5454323 4 4 8 3 1 3    48.0   50.0
 81 1928.307522 1.333E-28 1.365E-06.04720.058 1042.92720.60-.001280       X3/2   1       X1/2   0           24.5   P 24.5f 24.5454323 4 4 8 3 1 3    50.0   50.0
 81 1928.309707 1.333E-28 1.422E-06.04720.058 1042.92720.60-.001280       X3/2   1       X1/2   0           23.5   P 24.5f 23.5454323 4 4 8 3 1 3    48.0   48.0
 81 1928.309733 5.555E-32 5.690E-10.04720.058 1042.92720.60-.001280       X3/2   1       X1/2   0           24.5   P 24.5f 23.5454323 4 4 8 3 1 3    50.0   48.0
 81 1928.309885 7.670E-26 8.540E-04.04720.058 1042.92720.60-.001280       X3/2   1       X1/2   0           22.5   P 24.5f 23.5454323 4 4 8 3 1 3    46.0   48.0
 81 1928.487118 5.562E-32 5.692E-10.04720.058 1042.69160.60-.001280       X3/2   1       X1/2   0           24.5   P 24.5e 23.5454323 4 4 8 3 1 3    50.0   48.0
 81 1928.487571 1.335E-28 1.423E-06.04720.058 1042.69160.60-.001280       X3/2   1       X1/2   0           23.5   P 24.5e 23.5454323 4 4 8 3 1 3    48.0   48.0
 81 1928.487894 7.679E-26 8.541E-04.04720.058 1042.69160.60-.001280       X3/2   1       X1/2   0           22.5   P 24.5e 23.5454323 4 4 8 3 1 3    46.0   48.0
 81 1928.488428 1.335E-28 1.366E-06.04720.058 1042.69160.60-.001280       X3/2   1       X1/2   0           24.5   P 24.5e 24.5454323 4 4 8 3 1 3    50.0   50.0
 81 1928.488882 8.000E-26 8.528E-04.04720.058 1042.69160.60-.001280       X3/2   1       X1/2   0           23.5   P 24.5e 24.5454323 4 4 8 3 1 3    48.0   50.0
 81 1928.489575 8.334E-26 8.528E-04.04720.058 1042.69160.60-.001280       X3/2   1       X1/2   0           24.5   P 24.5e 25.5454323 4 4 8 3 1 3    50.0   52.0
 81 1928.655348 1.824E-73 9.504E-04.01850.03724170.91660.60-.002220       X3/2   4       X1/2   3                 RQ108.5e     0222231211 8 3 1 3   654.0  654.0
 81 1928.672457 8.673E-37 6.024E-03.04470.056 6904.02220.60-.002220       X3/2   4       X1/2   3                 RQ 28.5f     4633231111 8 3 1 3   174.0  174.0
 81 1928.748528 2.557E-53 1.153E-03.04060.05414439.09170.60-.002220       X3/2   8       X1/2   7                 SR 34.5f     3632231111 8 3 1 3   216.0  210.0
 81 1928.871605 2.383E-26 1.322E+01.04470.053 3322.65700.70-.001200       X3/2   2       X3/2   1           29.5   R 27.5e 28.5453323 3 3 8 3 1 3    60.0   58.0
 81 1928.871625 2.300E-26 1.320E+01.04470.053 3322.65700.70-.001200       X3/2   2       X3/2   1           28.5   R 27.5e 27.5453323 3 3 8 3 1 3    58.0   56.0
 81 1928.871642 2.221E-26 1.320E+01.04470.053 3322.65700.70-.001200       X3/2   2       X3/2   1           27.5   R 27.5e 26.5453323 3 3 8 3 1 3    56.0   54.0
 81 1928.872058 2.836E-29 1.685E-02.04470.053 3322.65700.70-.001200       X3/2   2       X3/2   1           27.5   R 27.5e 27.5453323 3 3 8 3 1 3    56.0   56.0
 81 1928.872190 2.836E-29 1.627E-02.04470.053 3322.65700.70-.001200       X3/2   2       X3/2   1           28.5   R 27.5e 28.5453323 3 3 8 3 1 3    58.0   58.0
 81 1928.872623 8.730E-33 5.187E-06.04470.053 3322.65700.70-.001200       X3/2   2       X3/2   1           27.5   R 27.5e 28.5453323 3 3 8 3 1 3    56.0   58.0
 81 1928.877269 2.835E-29 1.627E-02.04470.053 3322.73770.70-.001200       X3/2   2       X3/2   1           28.5   R 27.5f 28.5453323 3 3 8 3 1 3    58.0   58.0
 81 1928.877278 2.382E-26 1.322E+01.04470.053 3322.73770.70-.001200       X3/2   2       X3/2   1           29.5   R 27.5f 28.5453323 3 3 8 3 1 3    60.0   58.0
 81 1928.877280 2.299E-26 1.320E+01.04470.053 3322.73770.70-.001200       X3/2   2       X3/2   1           28.5   R 27.5f 27.5453323 3 3 8 3 1 3    58.0   56.0
 81 1928.877285 2.220E-26 1.320E+01.04470.053 3322.73770.70-.001200       X3/2   2       X3/2   1           27.5   R 27.5f 26.5453323 3 3 8 3 1 3    56.0   54.0
 81 1928.877483 8.727E-33 5.188E-06.04470.053 3322.73770.70-.001200       X3/2   2       X3/2   1           27.5   R 27.5f 28.5453323 3 3 8 3 1 3    56.0   58.0
 81 1928.877495 2.835E-29 1.685E-02.04470.053 3322.73770.70-.001200       X3/2   2       X3/2   1           27.5   R 27.5f 27.5453323 3 3 8 3 1 3    56.0   56.0
 81 1928.881336 3.786E-33 1.935E+01.03570.043 6926.68110.70-.001200       X3/2   3       X3/2   2                 RR 42.5e     4622231111 8 3 1 3   264.0  258.0
 81 1928.889626 3.782E-33 1.935E+01.03570.043 6926.90410.70-.001200       X3/2   3       X3/2   2                 RR 42.5f     4622231111 8 3 1 3   264.0  258.0
 81 1928.902144 2.550E-53 1.149E-03.04060.05414438.80570.60-.002220       X3/2   8       X1/2   7                 SR 34.5e     3632231111 8 3 1 3   216.0  210.0
 81 1928.992513 9.100E-73 9.753E-04.01860.03823843.62050.60-.002220       X3/2   4       X1/2   3                 RQ107.5f     0222231211 8 3 1 3   648.0  648.0
 81 1929.014070 8.645E-37 5.999E-03.04470.056 6903.76410.60-.002220       X3/2   4       X1/2   3                 RQ 28.5e     4633231111 8 3 1 3   174.0  174.0
 81 1929.022948 6.573E-21 6.465E+00.05120.060  481.37430.60-.001400       X1/2   1       X1/2   0           16.5   R 16.5e 15.5455323 4 4 8 3 1 3    34.0   32.0
 81 1929.022961 6.961E-21 6.466E+00.05120.060  481.37430.60-.001400       X1/2   1       X1/2   0           17.5   R 16.5e 16.5455323 4 4 8 3 1 3    36.0   34.0
 81 1929.022982 7.372E-21 6.488E+00.05120.060  481.37430.60-.001400       X1/2   1       X1/2   0           18.5   R 16.5e 17.5455323 4 4 8 3 1 3    38.0   36.0
 81 1929.024299 2.281E-23 2.119E-02.05120.060  481.37430.60-.001400       X1/2   1       X1/2   0           17.5   R 16.5e 17.5455323 4 4 8 3 1 3    36.0   36.0
 81 1929.024377 2.281E-23 2.244E-02.05120.060  481.37430.60-.001400       X1/2   1       X1/2   0           16.5   R 16.5e 16.5455323 4 4 8 3 1 3    34.0   34.0
 81 1929.025716 1.863E-26 1.832E-05.05120.060  481.37430.60-.001400       X1/2   1       X1/2   0           16.5   R 16.5e 17.5455323 4 4 8 3 1 3    34.0   36.0
 81 1929.026928 1.862E-26 1.833E-05.05120.060  481.55440.60-.001400       X1/2   1       X1/2   0           16.5   R 16.5f 17.5455323 4 4 8 3 1 3    34.0   36.0
 81 1929.029107 2.279E-23 2.119E-02.05120.060  481.55440.60-.001400       X1/2   1       X1/2   0           17.5   R 16.5f 17.5455323 4 4 8 3 1 3    36.0   36.0
 81 1929.029150 2.279E-23 2.244E-02.05120.060  481.55440.60-.001400       X1/2   1       X1/2   0           16.5   R 16.5f 16.5455323 4 4 8 3 1 3    34.0   34.0
 81 1929.031321 7.366E-21 6.488E+00.05120.060  481.55440.60-.001400       X1/2   1       X1/2   0           18.5   R 16.5f 17.5455323 4 4 8 3 1 3    38.0   36.0
 81 1929.031322 6.568E-21 6.466E+00.05120.060  481.55440.60-.001400       X1/2   1       X1/2   0           16.5   R 16.5f 15.5455323 4 4 8 3 1 3    34.0   32.0
 81 1929.031329 6.955E-21 6.466E+00.05120.060  481.55440.60-.001400       X1/2   1       X1/2   0           17.5   R 16.5f 16.5455323 4 4 8 3 1 3    36.0   34.0
 81 1929.076740 3.298E-43 2.961E-03.04960.059 9732.63670.60-.001920       X3/2   6       X1/2   5                 SR 19.5f     3653231111 8 3 1 3   126.0  120.0
 81 1929.247393 3.291E-43 2.953E-03.04960.059 9732.43150.60-.001920       X3/2   6       X1/2   5                 SR 19.5e     3653231111 8 3 1 3   126.0  120.0
 81 1929.407797 4.790E-33 1.939E+01.03580.052 6883.13950.60-.002220       X1/2   3       X1/2   2                 RR 43.5e     4622231111 8 3 1 3   270.0  264.0
 81 1929.410531 4.783E-33 1.938E+01.03580.052 6883.42620.60-.002220       X1/2   3       X1/2   2                 RR 43.5f     4622231111 8 3 1 3   270.0  264.0
 81 1929.477258 4.390E-70 1.933E+01.01730.02124620.85350.70-.001200       X3/2   3       X3/2   2                 RR113.5e     0222231211 8 3 1 3   690.0  684.0
 81 1929.488888 4.361E-70 1.933E+01.01730.02124622.25320.70-.001200       X3/2   3       X3/2   2                 RR113.5f     0222231211 8 3 1 3   690.0  684.0
 81 1929.495591 4.880E-70 1.933E+01.01750.03624600.87220.60-.002220       X1/2   3       X1/2   2                 RR114.5f     0222231211 8 3 1 3   696.0  690.0
 81 1929.497035 4.877E-70 1.933E+01.01750.03624601.00340.60-.002220       X1/2   3       X1/2   2                 RR114.5e     0222231211 8 3 1 3   696.0  690.0
 81 1929.552412 1.008E-34 5.509E-03.05870.063 5582.94780.70-.000440       X3/2   4       X1/2   3                 SR  4.5f     4654431111 8 3 1 3    36.0   30.0
 81 1929.610029 1.007E-34 5.502E-03.05870.063 5582.88920.70-.000440       X3/2   4       X1/2   3                 SR  4.5e     4654431111 8 3 1 3    36.0   30.0
 81 1929.643422 5.495E-37 5.871E-03.04410.056 6999.39220.60-.002220       X3/2   4       X1/2   3                 RQ 29.5f     4633231111 8 3 1 3   180.0  180.0
 81 1929.872604 1.407E-27 2.222E-03.05370.061 2154.14730.67-.001710       X3/2   2       X1/2   1                 QP 12.5f     4654431111 8 3 1 3    72.0   78.0
 81 1929.881801 3.059E-26 1.326E+01.04410.056 3264.84890.60-.002220       X1/2   2       X1/2   1           28.5   R 28.5e 27.5453323 3 3 8 3 1 3    58.0   56.0
 81 1929.881811 3.165E-26 1.327E+01.04410.056 3264.84890.60-.002220       X1/2   2       X1/2   1           29.5   R 28.5e 28.5453323 3 3 8 3 1 3    60.0   58.0
 81 1929.881826 3.274E-26 1.328E+01.04410.056 3264.84890.60-.002220       X1/2   2       X1/2   1           30.5   R 28.5e 29.5453323 3 3 8 3 1 3    62.0   60.0
 81 1929.882877 3.641E-29 1.526E-02.04410.056 3264.84890.60-.002220       X1/2   2       X1/2   1           29.5   R 28.5e 29.5453323 3 3 8 3 1 3    60.0   60.0
 81 1929.882885 1.045E-32 4.537E-06.04410.056 3265.10490.60-.002220       X1/2   2       X1/2   1           28.5   R 28.5f 29.5453323 3 3 8 3 1 3    58.0   60.0
 81 1929.883054 3.641E-29 1.579E-02.04410.056 3264.84890.60-.002220       X1/2   2       X1/2   1           28.5   R 28.5e 28.5453323 3 3 8 3 1 3    58.0   58.0
 81 1929.884119 1.046E-32 4.536E-06.04410.056 3264.84890.60-.002220       X1/2   2       X1/2   1           28.5   R 28.5e 29.5453323 3 3 8 3 1 3    58.0   60.0
 81 1929.885043 3.636E-29 1.579E-02.04410.056 3265.10490.60-.002220       X1/2   2       X1/2   1           28.5   R 28.5f 28.5453323 3 3 8 3 1 3    58.0   58.0
 81 1929.885106 3.636E-29 1.526E-02.04410.056 3265.10490.60-.002220       X1/2   2       X1/2   1           29.5   R 28.5f 29.5453323 3 3 8 3 1 3    60.0   60.0
 81 1929.887259 3.270E-26 1.328E+01.04410.056 3265.10490.60-.002220       X1/2   2       X1/2   1           30.5   R 28.5f 29.5453323 3 3 8 3 1 3    62.0   60.0
 81 1929.887263 3.055E-26 1.326E+01.04410.056 3265.10490.60-.002220       X1/2   2       X1/2   1           28.5   R 28.5f 27.5453323 3 3 8 3 1 3    58.0   56.0
 81 1929.887264 3.161E-26 1.327E+01.04410.056 3265.10490.60-.002220       X1/2   2       X1/2   1           29.5   R 28.5f 28.5453323 3 3 8 3 1 3    60.0   58.0
 81 1929.996758 5.477E-37 5.846E-03.04410.056 6999.12980.60-.002220       X3/2   4       X1/2   3                 RQ 29.5e     4633231111 8 3 1 3   180.0  180.0
 81 1930.008991 1.405E-27 2.218E-03.05370.061 2154.00320.67-.001710       X3/2   2       X1/2   1                 QP 12.5e     4654431111 8 3 1 3    72.0   78.0
 81 1930.052701 3.840E-21 6.456E+00.05280.062  614.32620.70-.001180       X3/2   1       X3/2   0           18.5   R 16.5e 17.5455323 4 4 8 3 1 3    38.0   36.0
 81 1930.052737 3.626E-21 6.435E+00.05280.062  614.32620.70-.001180       X3/2   1       X3/2   0           17.5   R 16.5e 16.5455323 4 4 8 3 1 3    36.0   34.0
 81 1930.052766 3.424E-21 6.434E+00.05280.062  614.32620.70-.001180       X3/2   1       X3/2   0           16.5   R 16.5e 15.5455323 4 4 8 3 1 3    34.0   32.0
 81 1930.052892 1.188E-23 2.232E-02.05280.062  614.32620.70-.001180       X3/2   1       X3/2   0           16.5   R 16.5e 16.5455323 4 4 8 3 1 3    34.0   34.0
 81 1930.052951 1.188E-23 2.108E-02.05280.062  614.32620.70-.001180       X3/2   1       X3/2   0           17.5   R 16.5e 17.5455323 4 4 8 3 1 3    36.0   36.0
 81 1930.053106 9.705E-27 1.824E-05.05280.062  614.32620.70-.001180       X3/2   1       X3/2   0           16.5   R 16.5e 17.5455323 4 4 8 3 1 3    34.0   36.0
 81 1930.055903 1.188E-23 2.108E-02.05280.062  614.34800.70-.001180       X3/2   1       X3/2   0           17.5   R 16.5f 17.5455323 4 4 8 3 1 3    36.0   36.0
 81 1930.055983 3.840E-21 6.457E+00.05280.062  614.34800.70-.001180       X3/2   1       X3/2   0           18.5   R 16.5f 17.5455323 4 4 8 3 1 3    38.0   36.0
 81 1930.055999 3.626E-21 6.436E+00.05280.062  614.34800.70-.001180       X3/2   1       X3/2   0           17.5   R 16.5f 16.5455323 4 4 8 3 1 3    36.0   34.0
 81 1930.055999 9.704E-27 1.824E-05.05280.062  614.34800.70-.001180       X3/2   1       X3/2   0           16.5   R 16.5f 17.5455323 4 4 8 3 1 3    34.0   36.0
 81 1930.056018 3.424E-21 6.434E+00.05280.062  614.34800.70-.001180       X3/2   1       X3/2   0           16.5   R 16.5f 15.5455323 4 4 8 3 1 3    34.0   32.0
 81 1930.056094 1.188E-23 2.233E-02.05280.062  614.34800.70-.001180       X3/2   1       X3/2   0           16.5   R 16.5f 16.5455323 4 4 8 3 1 3    34.0   34.0
 81 1930.114862 1.190E-85 6.559E+00.01460.03331817.41650.60-.002220       X1/2   1       X1/2   0                 RR141.5f     0222231211 8 3 1 3   858.0  852.0
 81 1930.118555 1.190E-85 6.562E+00.01460.03331817.50540.60-.002220       X1/2   1       X1/2   0                 RR141.5e     0222231211 8 3 1 3   858.0  852.0
 81 1930.133203 1.088E-85 6.561E+00.01440.01831834.47470.70-.001200       X3/2   1       X3/2   0                 RR140.5e     0222231211 8 3 1 3   852.0  846.0
 81 1930.146784 1.080E-85 6.561E+00.01440.01831835.97440.70-.001200       X3/2   1       X3/2   0                 RR140.5f     0222231211 8 3 1 3   852.0  846.0
 81 1930.258281 9.027E-73 9.694E-04.01860.03823843.75580.60-.002220       X3/2   4       X1/2   3                 RQ107.5e     0222231211 8 3 1 3   648.0  648.0
 81 1930.489583 1.926E-33 1.941E+01.03520.042 7070.59310.70-.001200       X3/2   3       X3/2   2                 RR 43.5e     4622231111 8 3 1 3   270.0  264.0
 81 1930.497994 1.924E-33 1.941E+01.03520.042 7070.82810.70-.001200       X3/2   3       X3/2   2                 RR 43.5f     4622231111 8 3 1 3   270.0  264.0
 81 1930.501474 1.869E-78 1.301E+01.01570.03428531.38390.60-.002220       X1/2   2       X1/2   1                 RR129.5f     0222231211 8 3 1 3   786.0  780.0
