101 2059.865800 3.617E-24 2.199E-02.06630.095  726.47190.72-.003635          1 1 0          0 0 0 40  2 38     + 39  3 37     +24534312 8 5 3 4 3   246.0  240.0
101 2059.869400 3.529E-24 2.199E-02.06630.095  726.48980.72-.003635          1 1 0          0 0 0 40  2 38     - 39  3 37     -24534312 8 5 3 4 3   240.0  234.0
101 2059.916700 5.184E-24 4.735E-03.07990.111   65.79310.69-.002600          1 1 0          0 0 0 11  1 11     - 12  0 12     -24534312 8 5 3 4 3    66.0   72.0
101 2059.923500 5.630E-24 4.713E-03.07990.111   65.77370.69-.002600          1 1 0          0 0 0 11  1 11     + 12  0 12     +24534312 8 5 3 4 3    72.0   78.0
101 2060.052500 2.541E-25 3.180E-04.07350.104  307.51170.68-.003712          1 1 0          0 0 0 25  2 24     + 26  1 25     +24534312 8 5 3 4 3   156.0  162.0
101 2060.053000 2.454E-25 3.194E-04.07350.104  307.52470.68-.003712          1 1 0          0 0 0 25  2 24     - 26  1 25     -24534312 8 5 3 4 3   150.0  156.0
101 2060.097200 1.515E-24 4.231E-02.08050.110  833.21190.72-.002191          1 2 0          0 1 0 14  0 14     + 13  1 13     +24534312 8 5 3 4 3    90.0   84.0
101 2060.103300 1.411E-24 4.222E-02.08050.110  833.23290.72-.002191          1 2 0          0 1 0 14  0 14     - 13  1 13     -24534312 8 5 3 4 3    84.0   78.0
101 2060.642500 1.047E-23 1.204E-02.08540.113   20.07320.74-.000358          1 1 0          0 0 0  6  0  6     +  5  1  5     +24534312 8 5 3 4 3    42.0   36.0
101 2060.652300 1.921E-25 2.577E-04.08540.113   20.07320.74-.000358          1 1 0          0 0 0  6  0  6     -  5  1  5     +24534312 8 5 3 4 3    36.0   36.0
101 2060.655600 6.507E-25 4.194E-02.07290.102 1147.78590.69-.002713          1 2 0          0 1 0 30  1 29     - 29  2 28     -24534312 8 5 3 4 3   180.0  174.0
101 2060.656900 6.728E-25 4.196E-02.07290.102 1147.76490.69-.002713          1 2 0          0 1 0 30  1 29     + 29  2 28     +24534312 8 5 3 4 3   186.0  180.0
101 2060.669800 8.882E-24 1.192E-02.08540.113   20.05620.74-.000358          1 1 0          0 0 0  6  0  6     -  5  1  5     -24534312 8 5 3 4 3    36.0   30.0
101 2060.838900 1.482E-25 1.437E-02.08560.114  758.09390.72-.000923          1 2 0          0 1 0  3  1  3     -  4  0  4     -24534312 8 5 3 4 3    18.0   24.0
101 2060.894500 1.893E-25 1.377E-02.08560.114  758.08690.72-.000923          1 2 0          0 1 0  3  1  3     +  4  0  4     +24534312 8 5 3 4 3    24.0   30.0
101 2060.951000 1.520E-23 1.442E-02.07580.106  225.17280.68-.002011          1 1 0          0 0 0 22  1 21     + 21  2 20     +24534312 8 5 3 4 3   138.0  132.0
101 2060.958800 1.453E-23 1.441E-02.07580.106  225.17490.68-.002011          1 1 0          0 0 0 22  1 21     - 21  2 20     -24534312 8 5 3 4 3   132.0  126.0
101 2061.170700 1.141E-25 8.618E-02.06840.104 1639.80800.69-.003822          2 1 0          1 0 0 28  0 28     - 27  1 27     -24534312 8 5 3 4 3   168.0  162.0
101 2061.173900 1.184E-25 8.632E-02.06840.104 1639.74860.69-.003822          2 1 0          1 0 0 28  0 28     + 27  1 27     +24534312 8 5 3 4 3   174.0  168.0
101 2061.712600 2.885E-24 2.335E-02.06610.094  794.80010.72-.003755          1 1 0          0 0 0 42  2 40     + 41  3 39     +24534312 8 5 3 4 3   258.0  252.0
101 2061.713300 2.818E-24 2.336E-02.06610.094  794.82240.72-.003755          1 1 0          0 0 0 42  2 40     - 41  3 39     -24534312 8 5 3 4 3   252.0  246.0
101 2061.894900 1.710E-24 4.745E-02.07930.109  857.29490.72-.002547          1 2 0          0 1 0 16  0 16     + 15  1 15     +24534312 8 5 3 4 3   102.0   96.0
101 2061.898300 1.607E-24 4.739E-02.07930.109  857.32190.72-.002547          1 2 0          0 1 0 16  0 16     - 15  1 15     -24534312 8 5 3 4 3    96.0   90.0
101 2061.956900 5.337E-24 5.432E-03.08040.112   46.40660.68-.002253          1 1 0          0 0 0  9  1  9     - 10  0 10     -24534312 8 5 3 4 3    54.0   60.0
101 2061.968600 5.890E-24 5.395E-03.08040.112   46.39060.68-.002253          1 1 0          0 0 0  9  1  9     + 10  0 10     +24534312 8 5 3 4 3    60.0   66.0
101 2062.390500 1.522E-23 1.437E-02.08410.112   30.88910.73-.000878          1 1 0          0 0 0  8  0  8     +  7  1  7     +24534312 8 5 3 4 3    54.0   48.0
101 2062.403600 1.547E-25 1.644E-04.08410.112   30.88910.73-.000878          1 1 0          0 0 0  8  0  8     -  7  1  7     +24534312 8 5 3 4 3    48.0   48.0
101 2062.408500 1.345E-23 1.429E-02.08410.112   30.88480.73-.000878          1 1 0          0 0 0  8  0  8     -  7  1  7     -24534312 8 5 3 4 3    48.0   42.0
101 2062.567900 4.097E-25 4.702E-04.07430.105  264.00020.68-.003561          1 1 0          0 0 0 23  2 22     - 24  1 23     -24534312 8 5 3 4 3   138.0  144.0
101 2062.570900 4.257E-25 4.682E-04.07430.105  263.98970.68-.003561          1 1 0          0 0 0 23  2 22     + 24  1 23     +24534312 8 5 3 4 3   144.0  150.0
101 2062.665700 5.922E-25 4.601E-02.06730.102 1199.08190.69-.002909          1 2 0          0 1 0 32  1 31     - 31  2 30     -24534312 8 5 3 4 3   192.0  186.0
101 2062.669000 6.111E-25 4.603E-02.06730.102 1199.05690.69-.002909          1 2 0          0 1 0 32  1 31     + 31  2 30     +24534312 8 5 3 4 3   198.0  192.0
101 2062.834200 1.065E-25 9.451E-02.06680.103 1686.83700.69-.003891          2 1 0          1 0 0 30  0 30     - 29  1 29     -24534312 8 5 3 4 3   180.0  174.0
101 2062.837400 1.102E-25 9.461E-02.06680.103 1686.77210.69-.003891          2 1 0          1 0 0 30  0 30     + 29  1 29     +24534312 8 5 3 4 3   186.0  180.0
101 2062.894700 1.517E-23 1.595E-02.07500.105  263.10370.68-.002174          1 1 0          0 0 0 24  1 23     + 23  2 22     +24534312 8 5 3 4 3   150.0  144.0
101 2062.899300 1.456E-23 1.595E-02.07500.105  263.11160.68-.002174          1 1 0          0 0 0 24  1 23     - 23  2 22     -24534312 8 5 3 4 3   144.0  138.0
101 2063.108300 1.112E-25 4.767E-02.07980.110 1407.76080.76-.003030          2 1 0          1 0 0 15  1 15     + 14  0 14     +24534312 8 5 3 4 3    96.0   90.0
101 2063.112900 1.039E-25 4.751E-02.07980.110 1407.78320.76-.003030          2 1 0          1 0 0 15  1 15     - 14  0 14     -24534312 8 5 3 4 3    90.0   84.0
101 2063.592600 2.209E-24 2.481E-02.06600.093  866.51520.72-.003876          1 1 0          0 0 0 44  2 42     - 43  3 41     -24534312 8 5 3 4 3   264.0  258.0
101 2063.594600 2.259E-24 2.480E-02.06600.093  866.48860.72-.003876          1 1 0          0 0 0 44  2 42     + 43  3 41     +24534312 8 5 3 4 3   270.0  264.0
101 2063.692900 1.866E-24 5.302E-02.07820.108  884.69290.72-.002862          1 2 0          0 1 0 18  0 18     + 17  1 17     +24534312 8 5 3 4 3   114.0  108.0
101 2063.694400 1.764E-24 5.292E-02.07820.108  884.72590.72-.002862          1 2 0          0 1 0 18  0 18     - 17  1 17     -24534312 8 5 3 4 3   108.0  102.0
101 2063.933800 5.064E-24 6.143E-03.08120.112   30.38340.68-.001857          1 1 0          0 0 0  7  1  7     -  8  0  8     -24534312 8 5 3 4 3    42.0   48.0
101 2063.952300 5.725E-24 6.076E-03.08120.112   30.37060.68-.001857          1 1 0          0 0 0  7  1  7     +  8  0  8     +24534312 8 5 3 4 3    48.0   54.0
101 2064.153300 2.006E-23 1.663E-02.08290.112   45.03440.73-.001357          1 1 0          0 0 0 10  0 10     +  9  1  9     +24534312 8 5 3 4 3    66.0   60.0
101 2064.165400 1.816E-23 1.656E-02.08290.112   45.03950.73-.001357          1 1 0          0 0 0 10  0 10     -  9  1  9     -24534312 8 5 3 4 3    60.0   54.0
101 2064.169600 1.284E-25 1.171E-04.08290.112   45.03440.73-.001357          1 1 0          0 0 0 10  0 10     -  9  1  9     +24534312 8 5 3 4 3    60.0   60.0
101 2064.239600 1.213E-25 5.249E-02.07910.109 1433.69900.76-.003257          2 1 0          1 0 0 17  1 17     + 16  0 16     +24534312 8 5 3 4 3   108.0  102.0
101 2064.246800 1.143E-25 5.237E-02.07910.109 1433.72510.76-.003257          2 1 0          1 0 0 17  1 17     - 16  0 16     -24534312 8 5 3 4 3   102.0   96.0
101 2064.321400 2.604E-25 3.694E-02.08770.114  752.19090.74-.000383          1 2 0          0 1 0  2  1  1     -  2  0  2     -24534312 8 5 3 4 3    12.0   12.0
101 2064.394400 5.570E-25 4.066E-02.08670.113  758.09390.74-.000923          1 2 0          0 1 0  4  1  3     -  4  0  4     -24534312 8 5 3 4 3    24.0   24.0
101 2064.406400 4.107E-25 3.884E-02.08770.114  752.18690.74-.000383          1 2 0          0 1 0  2  1  1     +  2  0  2     +24534312 8 5 3 4 3    18.0   18.0
101 2064.441800 7.006E-25 4.091E-02.08670.113  758.08690.74-.000923          1 2 0          0 1 0  4  1  3     +  4  0  4     +24534312 8 5 3 4 3    30.0   30.0
101 2064.461300 1.003E-25 1.035E-01.06540.102 1737.07610.69-.003919          2 1 0          1 0 0 32  0 32     + 31  1 31     +24534312 8 5 3 4 3   198.0  192.0
101 2064.478600 8.075E-25 4.111E-02.08590.113  767.36690.74-.001414          1 2 0          0 1 0  6  1  5     -  6  0  6     -24534312 8 5 3 4 3    36.0   36.0
101 2064.513800 9.434E-25 4.117E-02.08590.113  767.35690.74-.001414          1 2 0          0 1 0  6  1  5     +  6  0  6     +24534312 8 5 3 4 3    42.0   42.0
101 2064.589100 1.007E-24 4.089E-02.08460.112  780.00790.73-.001857          1 2 0          0 1 0  8  1  7     -  8  0  8     -24534312 8 5 3 4 3    48.0   48.0
101 2064.618700 1.132E-24 4.086E-02.08460.112  779.99490.73-.001857          1 2 0          0 1 0  8  1  7     +  8  0  8     +24534312 8 5 3 4 3    54.0   54.0
101 2064.681600 5.275E-25 5.040E-02.06690.101 1253.72100.70-.003114          1 2 0          0 1 0 34  1 33     - 33  2 32     -24534312 8 5 3 4 3   204.0  198.0
101 2064.686800 5.434E-25 5.043E-02.06690.101 1253.69090.70-.003114          1 2 0          0 1 0 34  1 33     + 33  2 32     +24534312 8 5 3 4 3   210.0  204.0
101 2064.730900 1.150E-24 4.038E-02.08330.111  796.01190.73-.002253          1 2 0          0 1 0 10  1  9     - 10  0 10     -24534312 8 5 3 4 3    60.0   60.0
101 2064.757800 1.264E-24 4.035E-02.08330.111  795.99590.73-.002253          1 2 0          0 1 0 10  1  9     + 10  0 10     +24534312 8 5 3 4 3    66.0   66.0
101 2064.852500 1.476E-23 1.760E-02.07420.104  304.39450.69-.002346          1 1 0          0 0 0 26  1 25     + 25  2 24     +24534312 8 5 3 4 3   162.0  156.0
101 2064.854300 1.421E-23 1.760E-02.07420.104  304.40790.69-.002346          1 1 0          0 0 0 26  1 25     - 25  2 24     -24534312 8 5 3 4 3   156.0  150.0
101 2064.907600 1.234E-24 3.968E-02.08210.111  815.37590.72-.002600          1 2 0          0 1 0 12  1 11     - 12  0 12     -24534312 8 5 3 4 3    72.0   72.0
101 2064.933400 1.336E-24 3.966E-02.08210.111  815.35690.72-.002600          1 2 0          0 1 0 12  1 11     + 12  0 12     +24534312 8 5 3 4 3    78.0   78.0
101 2065.023200 6.223E-25 6.451E-04.07510.106  223.87160.68-.003369          1 1 0          0 0 0 21  2 20     - 22  1 21     -24534312 8 5 3 4 3   126.0  132.0
101 2065.030100 6.491E-25 6.423E-04.07510.106  223.86340.68-.003369          1 1 0          0 0 0 21  2 20     + 22  1 21     +24534312 8 5 3 4 3   132.0  138.0
101 2065.123200 1.260E-24 3.879E-02.08080.110  838.09390.72-.002899          1 2 0          0 1 0 14  1 13     - 14  0 14     -24534312 8 5 3 4 3    84.0   84.0
101 2065.148700 1.349E-24 3.876E-02.08080.110  838.07190.72-.002899          1 2 0          0 1 0 14  1 13     + 14  0 14     +24534312 8 5 3 4 3    90.0   90.0
101 2065.226500 2.130E-25 2.987E-02.09050.114  749.65890.74-.000095          1 2 0          0 1 0  1  1  1     +  0  0  0     +24534312 8 5 3 4 3    12.0    6.0
101 2065.320500 1.287E-25 5.784E-02.07820.108 1462.96150.75-.003436          2 1 0          1 0 0 19  1 19     + 18  0 18     +24534312 8 5 3 4 3   120.0  114.0
101 2065.329700 1.219E-25 5.768E-02.07820.108 1462.99150.75-.003436          2 1 0          1 0 0 19  1 19     - 18  0 18     -24534312 8 5 3 4 3   114.0  108.0
101 2065.381700 1.235E-24 3.777E-02.07960.109  864.15890.72-.003150          1 2 0          0 1 0 16  1 15     - 16  0 16     -24534312 8 5 3 4 3    96.0   96.0
101 2065.407700 1.311E-24 3.774E-02.07960.109  864.13390.72-.003150          1 2 0          0 1 0 16  1 15     + 16  0 16     +24534312 8 5 3 4 3   102.0  102.0
101 2065.485700 1.876E-24 5.891E-02.07710.107  915.44390.72-.003136          1 2 0          0 1 0 20  0 20     - 19  1 19     -24534312 8 5 3 4 3   120.0  114.0
101 2065.485900 1.974E-24 5.902E-02.07710.107  915.40490.72-.003136          1 2 0          0 1 0 20  0 20     + 19  1 19     +24534312 8 5 3 4 3   126.0  120.0
101 2065.505000 1.699E-24 2.634E-02.06580.092  941.56520.72-.003936          1 1 0          0 0 0 46  2 44     - 45  3 43     -24534312 8 5 3 4 3   276.0  270.0
101 2065.509600 1.736E-24 2.633E-02.06580.092  941.53450.72-.003936          1 1 0          0 0 0 46  2 44     + 45  3 43     +24534312 8 5 3 4 3   282.0  276.0
101 2065.687700 1.169E-24 3.668E-02.07840.108  893.56390.72-.003352          1 2 0          0 1 0 18  1 17     - 18  0 18     -24534312 8 5 3 4 3   108.0  108.0
101 2065.714600 1.232E-24 3.662E-02.07840.108  893.53490.72-.003352          1 2 0          0 1 0 18  1 17     + 18  0 18     +24534312 8 5 3 4 3   114.0  114.0
101 2065.843100 4.258E-24 6.812E-03.08320.113   17.72810.69-.001414          1 1 0          0 0 0  5  1  5     -  6  0  6     -24534312 8 5 3 4 3    30.0   36.0
101 2065.863200 1.054E-25 1.405E-04.08320.113   17.72810.69-.001414          1 1 0          0 0 0  5  1  5     +  6  0  6     -24534312 8 5 3 4 3    36.0   36.0
101 2065.872300 5.013E-24 6.683E-03.08320.113   17.71840.69-.001414          1 1 0          0 0 0  5  1  5     +  6  0  6     +24534312 8 5 3 4 3    36.0   42.0
101 2065.928100 2.478E-23 1.896E-02.08170.111   62.50720.72-.001794          1 1 0          0 0 0 12  0 12     + 11  1 11     +24534312 8 5 3 4 3    78.0   72.0
101 2065.936100 2.280E-23 1.890E-02.08170.111   62.51990.72-.001794          1 1 0          0 0 0 12  0 12     - 11  1 11     -24534312 8 5 3 4 3    72.0   66.0
101 2065.947900 1.083E-25 8.975E-05.08170.111   62.50720.72-.001794          1 1 0          0 0 0 12  0 12     - 11  1 11     +24534312 8 5 3 4 3    72.0   72.0
101 2066.045800 1.069E-24 3.540E-02.07730.107  926.29990.73-.003507          1 2 0          0 1 0 20  1 19     - 20  0 20     -24534312 8 5 3 4 3   120.0  120.0
101 2066.074100 1.121E-24 3.535E-02.07730.107  926.26890.73-.003507          1 2 0          0 1 0 20  1 19     + 20  0 20     +24534312 8 5 3 4 3   126.0  126.0
101 2066.355900 1.328E-25 6.363E-02.07700.107 1495.54040.74-.003566          2 1 0          1 0 0 21  1 21     + 20  0 20     +24534312 8 5 3 4 3   132.0  126.0
101 2066.366900 1.264E-25 6.346E-02.07700.107 1495.57450.74-.003566          2 1 0          1 0 0 21  1 21     - 20  0 20     -24534312 8 5 3 4 3   126.0  120.0
101 2066.460700 9.486E-25 3.405E-02.07630.107  962.36090.73-.003613          1 2 0          0 1 0 22  1 21     - 22  0 22     -24534312 8 5 3 4 3   132.0  132.0
101 2066.490700 9.900E-25 3.398E-02.07630.107  962.32690.73-.003613          1 2 0          0 1 0 22  1 21     + 22  0 22     +24534312 8 5 3 4 3   138.0  138.0
101 2066.700000 4.604E-25 5.518E-02.06660.100 1311.69690.70-.003326          1 2 0          0 1 0 36  1 35     - 35  2 34     -24534312 8 5 3 4 3   216.0  210.0
101 2066.706600 4.735E-25 5.521E-02.06660.100 1311.66280.70-.003326          1 2 0          0 1 0 36  1 35     + 35  2 34     +24534312 8 5 3 4 3   222.0  216.0
101 2066.741800 2.724E-25 2.582E-02.08590.114  752.19090.72-.000659          1 2 0          0 1 0  3  1  3     -  2  0  2     -24534312 8 5 3 4 3    18.0   12.0
101 2066.794500 4.034E-25 2.868E-02.08590.114  752.18690.72-.000659          1 2 0          0 1 0  3  1  3     +  2  0  2     +24534312 8 5 3 4 3    24.0   18.0
101 2066.821800 1.353E-23 1.937E-02.07350.103  349.06070.69-.002526          1 1 0          0 0 0 28  1 27     - 27  2 26     -24534312 8 5 3 4 3   168.0  162.0
101 2066.822500 1.402E-23 1.937E-02.07350.103  349.04220.69-.002526          1 1 0          0 0 0 28  1 27     + 27  2 26     +24534312 8 5 3 4 3   174.0  168.0
101 2066.937100 8.179E-25 3.260E-02.07530.106 1001.73690.73-.003672          1 2 0          0 1 0 24  1 23     - 24  0 24     -24534312 8 5 3 4 3   144.0  144.0
101 2066.969200 8.505E-25 3.254E-02.07530.106 1001.69890.73-.003672          1 2 0          0 1 0 24  1 23     + 24  0 24     +24534312 8 5 3 4 3   150.0  150.0
101 2067.266400 1.938E-24 6.538E-02.07620.107  949.47190.73-.003369          1 2 0          0 1 0 22  0 22     - 21  1 21     -24534312 8 5 3 4 3   132.0  126.0
101 2067.267700 2.029E-24 6.546E-02.07620.107  949.42690.73-.003369          1 2 0          0 1 0 22  0 22     + 21  1 21     +24534312 8 5 3 4 3   138.0  132.0
101 2067.351600 1.337E-25 6.998E-02.07560.106 1531.42740.72-.003649          2 1 0          1 0 0 23  1 23     + 22  0 22     +24534312 8 5 3 4 3   144.0  138.0
101 2067.363900 1.278E-25 6.982E-02.07560.106 1531.46590.72-.003649          2 1 0          1 0 0 23  1 23     - 22  0 22     -24534312 8 5 3 4 3   138.0  132.0
101 2067.417100 8.762E-25 8.418E-04.07610.106  187.14320.69-.003136          1 1 0          0 0 0 19  2 18     - 20  1 19     -24534312 8 5 3 4 3   114.0  120.0
101 2067.428400 9.180E-25 8.378E-04.07610.106  187.13740.69-.003136          1 1 0          0 0 0 19  2 18     + 20  1 19     +24534312 8 5 3 4 3   120.0  126.0
101 2067.447500 1.284E-24 2.797E-02.06570.091 1019.96900.73-.003936          1 1 0          0 0 0 48  2 46     - 47  3 45     -24534312 8 5 3 4 3   288.0  282.0
101 2067.454500 1.311E-24 2.797E-02.06570.091 1019.93430.73-.003936          1 1 0          0 0 0 48  2 46     + 47  3 45     +24534312 8 5 3 4 3   294.0  288.0
101 2067.479300 6.863E-25 3.109E-02.07450.105 1044.41790.69-.003682          1 2 0          0 1 0 26  1 25     - 26  0 26     -24534312 8 5 3 4 3   156.0  156.0
101 2067.513600 7.115E-25 3.103E-02.07450.105 1044.37790.69-.003682          1 2 0          0 1 0 26  1 25     + 26  0 26     +24534312 8 5 3 4 3   162.0  162.0
101 2067.677300 2.845E-24 7.264E-03.08580.114    8.44420.72-.000923          1 1 0          0 0 0  3  1  3     -  4  0  4     -24534312 8 5 3 4 3    18.0   24.0
101 2067.711300 2.913E-23 2.140E-02.08050.110   83.30540.72-.002191          1 1 0          0 0 0 14  0 14     + 13  1 13     +24534312 8 5 3 4 3    90.0   84.0
101 2067.716200 2.710E-23 2.134E-02.08050.110   83.32510.72-.002191          1 1 0          0 0 0 14  0 14     - 13  1 13     -24534312 8 5 3 4 3    84.0   78.0
101 2067.721900 1.662E-25 3.183E-04.08580.114    8.44420.72-.000923          1 1 0          0 0 0  3  1  3     +  4  0  4     -24534312 8 5 3 4 3    24.0   24.0
101 2067.728100 3.639E-24 6.969E-03.08580.114    8.43760.72-.000923          1 1 0          0 0 0  3  1  3     +  4  0  4     +24534312 8 5 3 4 3    24.0   30.0
101 2068.090900 5.611E-25 2.953E-02.07370.104 1090.39590.69-.003644          1 2 0          0 1 0 28  1 27     - 28  0 28     -24534312 8 5 3 4 3   168.0  168.0
101 2068.127700 5.802E-25 2.948E-02.07370.104 1090.35290.69-.003644          1 2 0          0 1 0 28  1 27     + 28  0 28     +24534312 8 5 3 4 3   174.0  174.0
101 2068.277700 5.034E-25 2.951E-02.08380.113  758.09390.70-.001174          1 2 0          0 1 0  5  1  5     -  4  0  4     -24534312 8 5 3 4 3    30.0   24.0
101 2068.306800 6.250E-25 3.053E-02.08380.113  758.08690.70-.001174          1 2 0          0 1 0  5  1  5     +  4  0  4     +24534312 8 5 3 4 3    36.0   30.0
101 2068.313100 1.312E-25 7.676E-02.07380.105 1570.61380.71-.003683          2 1 0          1 0 0 25  1 25     + 24  0 24     +24534312 8 5 3 4 3   156.0  150.0
101 2068.326600 1.260E-25 7.669E-02.07380.105 1570.65700.71-.003683          2 1 0          1 0 0 25  1 25     - 24  0 24     -24534312 8 5 3 4 3   150.0  144.0
101 2068.716800 3.938E-25 6.036E-02.06630.098 1373.00700.70-.003547          1 2 0          0 1 0 38  1 37     - 37  2 36     -24534312 8 5 3 4 3   228.0  222.0
101 2068.724700 4.043E-25 6.036E-02.06630.098 1372.96790.70-.003547          1 2 0          0 1 0 38  1 37     + 37  2 36     +24534312 8 5 3 4 3   234.0  228.0
101 2068.774900 4.477E-25 2.796E-02.07310.103 1139.66280.70-.003558          1 2 0          0 1 0 30  1 29     - 30  0 30     -24534312 8 5 3 4 3   180.0  180.0
101 2068.799300 1.259E-23 2.128E-02.07290.102  397.06680.69-.002713          1 1 0          0 0 0 30  1 29     - 29  2 28     -24534312 8 5 3 4 3   180.0  174.0
101 2068.802200 1.302E-23 2.129E-02.07290.102  397.04340.69-.002713          1 1 0          0 0 0 30  1 29     + 29  2 28     +24534312 8 5 3 4 3   186.0  180.0
101 2068.814400 4.618E-25 2.790E-02.07310.103 1139.61690.70-.003558          1 2 0          0 1 0 30  1 29     + 30  0 30     +24534312 8 5 3 4 3   186.0  186.0
101 2069.030100 1.947E-24 7.232E-02.07530.106  986.80790.68-.003561          1 2 0          0 1 0 24  0 24     - 23  1 23     -24534312 8 5 3 4 3   144.0  138.0
101 2069.032300 2.032E-24 7.244E-02.07530.106  986.75690.68-.003561          1 2 0          0 1 0 24  0 24     + 23  1 23     +24534312 8 5 3 4 3   150.0  144.0
101 2069.246100 1.259E-25 8.416E-02.07200.104 1613.09080.69-.003669          2 1 0          1 0 0 27  1 27     + 26  0 26     +24534312 8 5 3 4 3   168.0  162.0
101 2069.260400 1.212E-25 8.404E-02.07200.104 1613.13890.69-.003669          2 1 0          1 0 0 27  1 27     - 26  0 26     -24534312 8 5 3 4 3   162.0  156.0
101 2069.381900 8.552E-25 6.376E-03.08760.114    2.53460.73-.000383          1 1 0          0 0 0  1  1  1     -  2  0  2     -24534312 8 5 3 4 3     6.0   12.0
101 2069.416900 9.541E-25 2.975E-02.06560.090 1101.72310.73-.003936          1 1 0          0 0 0 50  2 48     - 49  3 47     -24224312 8 5 3 4 3   300.0  294.0
101 2069.426200 9.735E-25 2.975E-02.06560.090 1101.68450.73-.003936          1 1 0          0 0 0 50  2 48     + 49  3 47     +24224312 8 5 3 4 3   306.0  300.0
101 2069.498400 3.288E-23 2.401E-02.07930.109  107.42720.72-.002547          1 1 0          0 0 0 16  0 16     + 15  1 15     +24534312 8 5 3 4 3   102.0   96.0
101 2069.500900 3.088E-23 2.396E-02.07930.109  107.45330.72-.002547          1 1 0          0 0 0 16  0 16     - 15  1 15     -24534312 8 5 3 4 3    96.0   90.0
101 2069.526600 2.591E-25 9.659E-04.08760.114    2.53460.73-.000383          1 1 0          0 0 0  1  1  1     +  2  0  2     -24534312 8 5 3 4 3    12.0   12.0
101 2069.530000 1.457E-24 5.432E-03.08760.114    2.53090.73-.000383          1 1 0          0 0 0  1  1  1     +  2  0  2     +24534312 8 5 3 4 3    12.0   18.0
101 2069.533100 3.488E-25 2.638E-02.06760.102 1192.21090.70-.003424          1 2 0          0 1 0 32  1 31     - 32  0 32     -24534312 8 5 3 4 3   192.0  192.0
101 2069.575300 3.591E-25 2.633E-02.06760.102 1192.16090.70-.003424          1 2 0          0 1 0 32  1 31     + 32  0 32     +24534312 8 5 3 4 3   198.0  198.0
101 2069.584900 1.674E-25 1.983E-04.07220.104  277.86030.68-.003641          1 1 0          0 0 0 24  2 22     - 25  1 25     -24534312 8 5 3 4 3   144.0  150.0
101 2069.637300 1.728E-25 1.965E-04.07220.104  277.80520.68-.003641          1 1 0          0 0 0 24  2 22     + 25  1 25     +24534312 8 5 3 4 3   150.0  156.0
101 2069.733800 7.446E-25 3.266E-02.08210.113  767.36690.69-.001642          1 2 0          0 1 0  7  1  7     -  6  0  6     -24534312 8 5 3 4 3    42.0   36.0
101 2069.748000 1.155E-24 1.057E-03.07700.107  153.81920.69-.002862          1 1 0          0 0 0 17  2 16     - 18  1 17     -24534312 8 5 3 4 3   102.0  108.0
101 2069.751400 8.654E-25 3.321E-02.08210.113  767.35690.69-.001642          1 2 0          0 1 0  7  1  7     +  6  0  6     +24534312 8 5 3 4 3    48.0   42.0
101 2069.764400 1.216E-24 1.051E-03.07700.107  153.81580.69-.002862          1 1 0          0 0 0 17  2 16     + 18  1 17     +24534312 8 5 3 4 3   108.0  114.0
101 2070.156000 1.180E-25 9.204E-02.07020.104 1658.84980.69-.003607          2 1 0          1 0 0 29  1 29     + 28  0 28     +24534312 8 5 3 4 3   180.0  174.0
101 2070.170900 1.139E-25 9.194E-02.07020.104 1658.90300.69-.003607          2 1 0          1 0 0 29  1 29     - 28  0 28     -24534312 8 5 3 4 3   174.0  168.0
101 2070.366200 2.658E-25 2.484E-02.06720.102 1248.03090.70-.003242          1 2 0          0 1 0 34  1 33     - 34  0 34     -24534312 8 5 3 4 3   204.0  204.0
101 2070.411200 2.730E-25 2.478E-02.06720.102 1247.97790.70-.003242          1 2 0          0 1 0 34  1 33     + 34  0 34     +24534312 8 5 3 4 3   210.0  210.0
101 2070.442600 1.017E-25 3.434E-03.08000.109  824.29990.69-.001794          1 2 0          0 1 0 11  2 10     + 12  1 11     +24534312 8 5 3 4 3    72.0   78.0
101 2070.726900 3.022E-25 3.207E-04.07290.105  237.15210.68-.003470          1 1 0          0 0 0 22  2 20     - 23  1 23     -24534312 8 5 3 4 3   132.0  138.0
101 2070.727800 3.304E-25 6.599E-02.06610.097 1437.64590.70-.003776          1 2 0          0 1 0 40  1 39     - 39  2 38     -24534312 8 5 3 4 3   240.0  234.0
101 2070.736600 3.386E-25 6.597E-02.06610.097 1437.60290.70-.003776          1 2 0          0 1 0 40  1 39     + 39  2 38     +24534312 8 5 3 4 3   246.0  240.0
101 2070.770800 1.907E-24 7.980E-02.07450.105 1027.44790.68-.003712          1 2 0          0 1 0 26  0 26     - 25  1 25     -24534312 8 5 3 4 3   156.0  150.0
101 2070.773600 1.984E-24 7.992E-02.07450.105 1027.39180.68-.003712          1 2 0          0 1 0 26  0 26     + 25  1 25     +24534312 8 5 3 4 3   162.0  156.0
101 2070.778000 3.132E-25 3.179E-04.07290.105  237.10270.68-.003470          1 1 0          0 0 0 22  2 20     + 23  1 23     +24534312 8 5 3 4 3   138.0  144.0
101 2070.784100 1.146E-23 2.335E-02.07240.102  448.42290.69-.002909          1 1 0          0 0 0 32  1 31     - 31  2 30     -24534312 8 5 3 4 3   192.0  186.0
101 2070.788900 1.183E-23 2.337E-02.07240.102  448.39460.69-.002909          1 1 0          0 0 0 32  1 31     + 31  2 30     +24534312 8 5 3 4 3   198.0  192.0
101 2071.047800 1.082E-25 1.005E-01.06840.103 1707.88230.70-.003497          2 1 0          1 0 0 31  1 31     + 30  0 30     +24534312 8 5 3 4 3   192.0  186.0
101 2071.063100 1.047E-25 1.004E-01.06840.103 1707.94090.70-.003497          2 1 0          1 0 0 31  1 31     - 30  0 30     -24534312 8 5 3 4 3   186.0  180.0
101 2071.117100 9.922E-25 3.604E-02.08110.112  780.00790.68-.002061          1 2 0          0 1 0  9  1  9     -  8  0  8     -24534312 8 5 3 4 3    54.0   48.0
101 2071.127300 1.113E-24 3.638E-02.08110.112  779.99490.68-.002061          1 2 0          0 1 0  9  1  9     +  8  0  8     +24534312 8 5 3 4 3    60.0   54.0
101 2071.161700 5.014E-24 1.872E-02.08790.114    2.53460.74-.000383          1 1 0          0 0 0  2  1  1     -  2  0  2     -24534312 8 5 3 4 3    12.0   12.0
101 2071.165200 7.114E-25 2.656E-03.08790.114    2.53090.74-.000383          1 1 0          0 0 0  2  1  1     -  2  0  2     +24534312 8 5 3 4 3    12.0   18.0
101 2071.229400 1.069E-23 2.054E-02.08690.113    8.44420.74-.000923          1 1 0          0 0 0  4  1  3     -  4  0  4     -24534312 8 5 3 4 3    24.0   24.0
101 2071.235600 3.804E-25 7.309E-04.08690.113    8.43760.74-.000923          1 1 0          0 0 0  4  1  3     -  4  0  4     +24534312 8 5 3 4 3    24.0   30.0
101 2071.236400 6.992E-25 1.741E-03.08790.114    2.53460.74-.000383          1 1 0          0 0 0  2  1  1     +  2  0  2     -24534312 8 5 3 4 3    18.0   12.0
101 2071.239900 7.894E-24 1.965E-02.08790.114    2.53090.74-.000383          1 1 0          0 0 0  2  1  1     +  2  0  2     +24534312 8 5 3 4 3    18.0   18.0
101 2071.267100 3.921E-25 6.028E-04.08690.113    8.44420.74-.000923          1 1 0          0 0 0  4  1  3     +  4  0  4     -24534312 8 5 3 4 3    30.0   24.0
101 2071.273300 1.345E-23 2.068E-02.08690.113    8.43760.74-.000923          1 1 0          0 0 0  4  1  3     +  4  0  4     +24534312 8 5 3 4 3    30.0   30.0
101 2071.273300 1.981E-25 2.332E-02.06680.100 1307.11690.70-.003011          1 2 0          0 1 0 36  1 35     - 36  0 36     -24534312 8 5 3 4 3   216.0  216.0
101 2071.284400 3.587E-23 2.683E-02.07820.108  134.87040.72-.002862          1 1 0          0 0 0 18  0 18     + 17  1 17     +24534312 8 5 3 4 3   114.0  108.0
101 2071.285000 3.392E-23 2.678E-02.07820.108  134.90250.72-.002862          1 1 0          0 0 0 18  0 18     - 17  1 17     -24534312 8 5 3 4 3   108.0  102.0
101 2071.308000 1.549E-23 2.076E-02.08590.113   17.72810.74-.001414          1 1 0          0 0 0  6  1  5     -  6  0  6     -24534312 8 5 3 4 3    36.0   36.0
101 2071.317200 2.450E-25 3.283E-04.08590.113   17.71840.74-.001414          1 1 0          0 0 0  6  1  5     -  6  0  6     +24534312 8 5 3 4 3    36.0   42.0
101 2071.321100 2.033E-25 2.328E-02.06680.100 1307.06090.70-.003011          1 2 0          0 1 0 36  1 35     + 36  0 36     +24534312 8 5 3 4 3   222.0  222.0
101 2071.331700 2.650E-25 3.044E-04.08590.113   17.72810.74-.001414          1 1 0          0 0 0  6  1  5     +  6  0  6     -24534312 8 5 3 4 3    42.0   36.0
101 2071.340800 1.810E-23 2.079E-02.08590.113   17.71840.74-.001414          1 1 0          0 0 0  6  1  5     +  6  0  6     +24534312 8 5 3 4 3    42.0   42.0
101 2071.409200 6.966E-25 3.164E-02.06560.089 1186.82370.73-.003936          1 1 0          0 0 0 52  2 50     - 51  3 49     -24224312 8 5 3 4 3   312.0  306.0
101 2071.411500 1.932E-23 2.065E-02.08460.112   30.38340.73-.001857          1 1 0          0 0 0  8  1  7     -  8  0  8     -24534312 8 5 3 4 3    48.0   48.0
101 2071.420700 7.102E-25 3.165E-02.06560.089 1186.78120.73-.003936          1 1 0          0 0 0 52  2 50     + 51  3 49     +24224312 8 5 3 4 3   318.0  312.0
101 2071.423600 1.712E-25 1.830E-04.08460.112   30.37060.73-.001857          1 1 0          0 0 0  8  1  7     -  8  0  8     +24534312 8 5 3 4 3    48.0   54.0
101 2071.427200 1.935E-25 1.839E-04.08460.112   30.38340.73-.001857          1 1 0          0 0 0  8  1  7     +  8  0  8     -24534312 8 5 3 4 3    54.0   48.0
101 2071.439300 2.172E-23 2.064E-02.08460.112   30.37060.73-.001857          1 1 0          0 0 0  8  1  7     +  8  0  8     +24534312 8 5 3 4 3    54.0   54.0
101 2071.544400 2.205E-23 2.039E-02.08340.111   46.40660.73-.002253          1 1 0          0 0 0 10  1  9     - 10  0 10     -24534312 8 5 3 4 3    60.0   60.0
101 2071.554700 1.467E-25 1.233E-04.08340.111   46.40660.73-.002253          1 1 0          0 0 0 10  1  9     + 10  0 10     -24534312 8 5 3 4 3    66.0   60.0
101 2071.559600 1.242E-25 1.148E-04.08340.111   46.39060.73-.002253          1 1 0          0 0 0 10  1  9     - 10  0 10     +24534312 8 5 3 4 3    60.0   66.0
101 2071.569800 2.424E-23 2.037E-02.08340.111   46.39060.73-.002253          1 1 0          0 0 0 10  1  9     + 10  0 10     +24534312 8 5 3 4 3    66.0   66.0
101 2071.710400 2.365E-23 2.003E-02.08220.111   65.79310.72-.002600          1 1 0          0 0 0 12  1 11     - 12  0 12     -24534312 8 5 3 4 3    72.0   72.0
101 2071.716500 1.135E-25 8.872E-05.08220.111   65.79310.72-.002600          1 1 0          0 0 0 12  1 11     + 12  0 12     -24534312 8 5 3 4 3    78.0   72.0
101 2071.734900 2.560E-23 2.001E-02.08220.111   65.77370.72-.002600          1 1 0          0 0 0 12  1 11     + 12  0 12     +24534312 8 5 3 4 3    78.0   78.0
101 2071.913100 2.414E-23 1.957E-02.08090.110   88.53760.72-.002899          1 1 0          0 0 0 14  1 13     - 14  0 14     -24534312 8 5 3 4 3    84.0   84.0
101 2071.916400 2.050E-24 1.513E-02.09070.114    0.00000.74-.000095          1 1 0          0 0 0  1  1  1     -  0  0  0     +24534312 8 5 3 4 3     6.0    6.0
101 2071.937500 2.584E-23 1.955E-02.08090.110   88.51460.72-.002899          1 1 0          0 0 0 14  1 13     + 14  0 14     +24534312 8 5 3 4 3    90.0   90.0
101 2071.946500 4.898E-25 4.774E-04.07360.106  199.75450.68-.003257          1 1 0          0 0 0 20  2 18     - 21  1 21     -24534312 8 5 3 4 3   120.0  126.0
101 2071.996800 5.101E-25 4.734E-04.07360.106  199.71080.68-.003257          1 1 0          0 0 0 20  2 18     + 21  1 21     +24534312 8 5 3 4 3   126.0  132.0
101 2072.014400 1.431E-24 1.286E-03.07790.108  123.90320.69-.002547          1 1 0          0 0 0 15  2 14     - 16  1 15     -24534312 8 5 3 4 3    90.0   96.0
101 2072.036800 1.516E-24 1.277E-03.07790.108  123.90240.69-.002547          1 1 0          0 0 0 15  2 14     + 16  1 15     +24534312 8 5 3 4 3    96.0  102.0
101 2072.061100 4.089E-24 1.509E-02.09070.114    0.00000.74-.000095          1 1 0          0 0 0  1  1  1     +  0  0  0     +24534312 8 5 3 4 3    12.0    6.0
101 2072.156600 2.366E-23 1.906E-02.07960.109  114.63370.72-.003150          1 1 0          0 0 0 16  1 15     - 16  0 16     -24534312 8 5 3 4 3    96.0   96.0
101 2072.181600 2.511E-23 1.904E-02.07960.109  114.60690.72-.003150          1 1 0          0 0 0 16  1 15     + 16  0 16     +24534312 8 5 3 4 3   102.0  102.0
101 2072.252400 1.447E-25 2.187E-02.06650.099 1369.46290.71-.002733          1 2 0          0 1 0 38  1 37     - 38  0 38     -24534312 8 5 3 4 3   228.0  228.0
101 2072.302900 1.484E-25 2.185E-02.06650.099 1369.40490.71-.002733          1 2 0          0 1 0 38  1 37     + 38  0 38     +24534312 8 5 3 4 3   234.0  234.0
101 2072.431300 1.236E-24 3.975E-02.08060.111  796.01190.69-.002432          1 2 0          0 1 0 11  1 11     - 10  0 10     -24534312 8 5 3 4 3    66.0   60.0
101 2072.436100 1.358E-24 4.003E-02.08060.111  795.99590.69-.002432          1 2 0          0 1 0 11  1 11     + 10  0 10     +24534312 8 5 3 4 3    72.0   66.0
101 2072.445200 2.235E-23 1.847E-02.07850.108  144.07430.73-.003352          1 1 0          0 0 0 18  1 17     - 18  0 18     -24534312 8 5 3 4 3   108.0  108.0
101 2072.471300 2.356E-23 1.845E-02.07850.108  144.04360.73-.003352          1 1 0          0 0 0 18  1 17     + 18  0 18     +24534312 8 5 3 4 3   114.0  114.0
101 2072.482500 1.821E-24 8.775E-02.07390.104 1071.38990.69-.003822          1 2 0          0 1 0 28  0 28     - 27  1 27     -24534312 8 5 3 4 3   168.0  162.0
101 2072.485500 1.890E-24 8.791E-02.07390.104 1071.32790.69-.003822          1 2 0          0 1 0 28  0 28     + 27  1 27     +24534312 8 5 3 4 3   174.0  168.0
101 2072.526800 1.038E-25 3.830E-03.08080.110  804.64190.69-.001357          1 2 0          0 1 0  9  2  8     + 10  1  9     +24534312 8 5 3 4 3    60.0   66.0
101 2072.728200 2.718E-25 7.208E-02.06590.096 1505.60990.70-.004013          1 2 0          0 1 0 42  1 41     - 41  2 40     -24534312 8 5 3 4 3   252.0  246.0
101 2072.737300 2.779E-25 7.197E-02.06590.096 1505.56290.70-.004013          1 2 0          0 1 0 42  1 41     + 41  2 40     +24534312 8 5 3 4 3   258.0  252.0
101 2072.773200 1.021E-23 2.560E-02.06690.101  503.12500.70-.003114          1 1 0          0 0 0 34  1 33     - 33  2 32     -24534312 8 5 3 4 3   204.0  198.0
101 2072.779700 1.052E-23 2.562E-02.06690.101  503.09210.70-.003114          1 1 0          0 0 0 34  1 33     + 33  2 32     +24534312 8 5 3 4 3   210.0  204.0
101 2072.783400 2.044E-23 1.784E-02.07740.107  176.85180.73-.003507          1 1 0          0 0 0 20  1 19     - 20  0 20     -24534312 8 5 3 4 3   120.0  120.0
101 2072.811000 2.143E-23 1.781E-02.07740.107  176.81680.73-.003507          1 1 0          0 0 0 20  1 19     + 20  0 20     +24534312 8 5 3 4 3   126.0  126.0
101 2073.062900 3.607E-23 2.982E-02.07720.107  165.67040.72-.003136          1 1 0          0 0 0 20  0 20     - 19  1 19     -24534312 8 5 3 4 3   120.0  114.0
101 2073.063800 3.794E-23 2.987E-02.07720.107  165.63240.72-.003136          1 1 0          0 0 0 20  0 20     + 19  1 19     +24534312 8 5 3 4 3   126.0  120.0
101 2073.162100 1.095E-25 3.219E-02.06580.096 1526.72390.70-.003446          1 2 0          0 1 0 42  2 40     - 42  1 41     -24534312 8 5 3 4 3   252.0  252.0
101 2073.175500 1.121E-25 3.219E-02.06580.096 1526.70390.70-.003446          1 2 0          0 1 0 42  2 40     + 42  1 41     +24534312 8 5 3 4 3   258.0  258.0
101 2073.175800 1.812E-23 1.714E-02.07630.107  212.95790.73-.003613          1 1 0          0 0 0 22  1 21     - 22  0 22     -24534312 8 5 3 4 3   132.0  132.0
101 2073.205300 1.891E-23 1.711E-02.07630.107  212.91840.73-.003613          1 1 0          0 0 0 22  1 21     + 22  0 22     +24534312 8 5 3 4 3   138.0  138.0
101 2073.235600 7.274E-25 6.683E-04.07430.107  165.67040.68-.003004          1 1 0          0 0 0 18  2 16     - 19  1 19     -24534312 8 5 3 4 3   108.0  114.0
101 2073.286100 7.612E-25 6.624E-04.07430.107  165.63240.68-.003004          1 1 0          0 0 0 18  2 16     + 19  1 19     +24534312 8 5 3 4 3   114.0  120.0
101 2073.300000 1.037E-25 2.051E-02.06620.097 1435.06490.71-.002406          1 2 0          0 1 0 40  1 39     - 40  0 40     -24534312 8 5 3 4 3   240.0  240.0
101 2073.353000 1.062E-25 2.048E-02.06620.097 1435.00290.71-.002406          1 2 0          0 1 0 40  1 39     + 40  0 40     +24534312 8 5 3 4 3   246.0  246.0
101 2073.420500 5.001E-25 3.369E-02.06550.088 1275.26650.73-.003936          1 1 0          0 0 0 54  2 52     - 53  3 51     -24224312 8 5 3 4 3   324.0  318.0
101 2073.433800 5.095E-25 3.369E-02.06550.088 1275.22030.73-.003936          1 1 0          0 0 0 54  2 52     + 53  3 51     +24224312 8 5 3 4 3   330.0  324.0
101 2073.456000 1.458E-25 3.197E-02.06600.098 1456.31490.70-.003622          1 2 0          0 1 0 40  2 38     - 40  1 39     -24534312 8 5 3 4 3   240.0  240.0
101 2073.467600 1.495E-25 3.198E-02.06600.098 1456.29690.70-.003622          1 2 0          0 1 0 40  2 38     + 40  1 39     +24534312 8 5 3 4 3   246.0  246.0
101 2073.586900 5.244E-24 1.308E-02.08610.114    2.53460.72-.000659          1 1 0          0 0 0  3  1  3     -  2  0  2     -24534312 8 5 3 4 3    18.0   12.0
101 2073.590400 5.739E-25 1.432E-03.08610.114    2.53090.72-.000659          1 1 0          0 0 0  3  1  3     -  2  0  2     +24534312 8 5 3 4 3    18.0   18.0
101 2073.626900 1.561E-23 1.640E-02.07540.106  252.38410.73-.003672          1 1 0          0 0 0 24  1 23     - 24  0 24     -24534312 8 5 3 4 3   144.0  144.0
101 2073.635000 7.738E-24 1.448E-02.08610.114    2.53090.72-.000659          1 1 0          0 0 0  3  1  3     +  2  0  2     +24534312 8 5 3 4 3    24.0   18.0
101 2073.658500 1.623E-23 1.637E-02.07540.106  252.33980.73-.003672          1 1 0          0 0 0 24  1 23     + 24  0 24     +24534312 8 5 3 4 3   150.0  150.0
101 2073.679800 1.465E-24 4.386E-02.07980.110  815.37590.69-.002755          1 2 0          0 1 0 13  1 13     - 12  0 12     -24534312 8 5 3 4 3    78.0   72.0
101 2073.680600 1.586E-24 4.408E-02.07980.110  815.35690.69-.002755          1 2 0          0 1 0 13  1 13     + 12  0 12     +24534312 8 5 3 4 3    84.0   78.0
101 2073.810800 1.898E-25 3.163E-02.06620.099 1389.24390.70-.003758          1 2 0          0 1 0 38  2 36     - 38  1 37     -24534312 8 5 3 4 3   228.0  228.0
101 2073.820800 1.947E-25 3.162E-02.06620.099 1389.22690.70-.003758          1 2 0          0 1 0 38  2 36     + 38  1 37     +24534312 8 5 3 4 3   234.0  234.0
101 2074.140800 1.309E-23 1.563E-02.07450.105  295.12150.69-.003682          1 1 0          0 0 0 26  1 25     - 26  0 26     -24534312 8 5 3 4 3   156.0  156.0
101 2074.159400 1.699E-24 9.629E-02.06770.103 1118.62990.69-.003891          1 2 0          0 1 0 30  0 30     - 29  1 29     -24534312 8 5 3 4 3   180.0  174.0
101 2074.162500 1.757E-24 9.634E-02.06770.103 1118.56290.69-.003891          1 2 0          0 1 0 30  0 30     + 29  1 29     +24534312 8 5 3 4 3   186.0  180.0
101 2074.174700 1.356E-23 1.559E-02.07450.105  295.07220.69-.003682          1 1 0          0 0 0 26  1 25     + 26  0 26     +24534312 8 5 3 4 3   162.0  162.0
101 2074.215100 1.667E-24 1.523E-03.07900.109   97.39820.69-.002191          1 1 0          0 0 0 13  2 12     - 14  1 13     -24534312 8 5 3 4 3    78.0   84.0
101 2074.220600 2.411E-25 3.113E-02.06650.100 1325.51790.70-.003853          1 2 0          0 1 0 36  2 34     - 36  1 35     -24534312 8 5 3 4 3   216.0  216.0
101 2074.229300 2.478E-25 3.113E-02.06650.100 1325.50200.70-.003853          1 2 0          0 1 0 36  2 34     + 36  1 35     +24534312 8 5 3 4 3   222.0  222.0
101 2074.244800 1.781E-24 1.511E-03.07900.109   97.40030.69-.002191          1 1 0          0 0 0 13  2 12     + 14  1 13     +24534312 8 5 3 4 3    84.0   90.0
101 2074.586600 9.998E-25 8.910E-04.07470.107  134.90250.68-.002710          1 1 0          0 0 0 16  2 14     - 17  1 17     -24534312 8 5 3 4 3    96.0  102.0
101 2074.638200 1.053E-24 8.831E-04.07470.107  134.87040.68-.002710          1 1 0          0 0 0 16  2 14     + 17  1 17     +24534312 8 5 3 4 3   102.0  108.0
101 2074.678700 2.991E-25 3.050E-02.06670.101 1265.14590.69-.003906          1 2 0          0 1 0 34  2 32     - 34  1 33     -24534312 8 5 3 4 3   204.0  204.0
101 2074.686500 3.080E-25 3.051E-02.06670.101 1265.13200.69-.003906          1 2 0          0 1 0 34  2 32     + 34  1 33     +24534312 8 5 3 4 3   210.0  210.0
